0.09965015506991336 -0.0005140323378478363 0 0.008365417865884144 0.01987188172613405 1.387778780781447e-19 -1.657933050106878e-18 2.796263890025111e-18 -5.97340428072e-19 0 0 0 248.7786086040336 -1.979759930264366 0 
0.09901057347925403 -0.001568891671512932 -4.793423572393296e-19 0.03246126301770617 0.04530792315087956 4.056871886134177e-18 5.684341886081095e-18 -1.508051570257523e-18 -6.515996322965187e-19 0 0 0 246.5510932940668 -5.381830021802762 2.599138748098589e-16 
0.09766766728600122 -0.004850206850285525 -2.775557561562894e-19 0.08392398797327795 0.1482877725578656 -1.221245327087674e-17 4.736951571734643e-19 -6.808962395350925e-20 2.844275807665754e-20 0 0 0 241.8995517281453 -14.95451505957923 -1.136868377216162e-15 
0.09520047955997692 -0.01173037397013837 0 0.1740071937776333 0.2649326109715093 -2.109423746787794e-17 5.315566646508779e-32 -3.707181437388903e-19 1.166578666963987e-18 0 0 0 233.4170534651129 -28.31973875880788 0 
0.0914732562578557 -0.01927595986122813 2.775557561562894e-19 0.304624947678567 0.3525476707817651 -1.110223024625158e-18 -9.473903143468363e-19 -7.246598085359462e-18 2.972685457986729e-18 0 0 0 220.9079323397953 -39.39140155271502 1.136868377216162e-15 
0.08566683946105476 -0.02736410012875374 2.775557561562925e-19 0.4942532645605411 0.5394671120416242 0 7.105427357602531e-19 6.76696151298688e-19 3.281612627400343e-18 0 0 0 202.1328938203871 -61.77092567376683 0 
0.07852130056955735 -0.007714335963060799 0 0.7201571726675976 0.5945166727744658 -4.440892098500631e-18 2.368475785867048e-19 -8.509650180947557e-19 4.228752408295452e-18 0 0 0 179.1949252197208 -77.36307418818045 5.684341886080808e-16 
0.0706121646995955 -0.003793538692237024 1.811019820399021e-19 0.9432635920386404 1.012387764964183 -4.833097688001764e-17 -9.473903143469457e-19 -4.702179287045928e-18 9.215934573395769e-18 0 0 0 157.9561209523136 -29.73155412364293 -3.128101303188476e-15 
0.06581621955742827 0.007513477312758636 9.179726568941889e-19 1.08481498340094 1.266098812022273 6.558675638475948e-17 1.018444587924712e-17 4.648069442257589e-17 1.005319366427687e-17 0 0 0 141.1115390179074 44.01847748740499 2.125859233872543e-15 
0.06222414183585773 0.006635174622736931 8.718720287711356e-19 1.105881659142441 -0.03396987637275679 -1.621707972386303e-18 5.684341886080118e-18 -4.228675980528431e-17 5.895113410201064e-18 0 0 0 129.031541140165 34.74405754396503 1.090232875523009e-15 
0.05966821209430962 -0.01697377146755231 3.053113317719184e-18 1.118669968136526 -0.03580468535695715 0 -2.901382837688043e-18 2.757585558146529e-18 8.507203874967905e-19 0 0 0 123.1719064303674 -34.78166342860192 5.684341886080808e-16 
0.07574594685034107 0.0429632014612336 1.665334536937737e-18 1.608499239541939 -0.03498777140888158 0 -6.974806293867173e-18 -3.248498406855053e-17 6.332857576020399e-19 0 0 0 123.2220373083519 17.84057995598268 0 
0.1295309419754684 -0.00710256884307941 2.220446049250315e-18 2.495239195765667 -0.0347405238401122 0 -1.92941510569295e-17 -1.563002683658341e-17 4.152202155610489e-18 0 0 0 121.5857632307662 -8.188843612587391 0 
0.1784379672102341 -0.01179004864522945 2.220446049250315e-18 2.74515092309805 -0.03485078247300059 -8.881784197001262e-18 -1.753019026236678e-17 3.822601938198082e-17 6.461950426098236e-18 0 0 0 89.4523332318666 -8.855959899419069 -2.842170943040404e-16 
0.1720607964885972 -0.01367154741682213 3.330669073875464e-18 1.631132697437115 -0.03486118161991907 0 -7.185242707536612e-18 3.512200996565961e-17 3.261008043394759e-18 0 0 0 36.01980362032509 -10.15292503973621 -5.684341886080792e-16 
0.1321040148119221 -0.01873111102538077 4.440892098500631e-18 0.4117700643239336 -0.03507494423623055 -2.220446049250315e-18 -2.201291810870468e-19 5.34298339675026e-18 4.558189467622135e-19 0 0 0 5.419677860004014 -1.575582592496584 0 
0.1061319763189528 -0.008141841135246715 0 0.03065398926940418 -0.004774608098187725 0 3.486794186713582e-20 -5.319434003139011e-19 1.169287607653338e-20 0 0 0 0.1643417393217091 -0.004804660840496635 0 
0.1004766673588466 -0.0001065454960441447 -5.551115123125789e-19 0.0004183290370409009 -6.614586120618494e-05 2.168404344971011e-21 -1.373322751815014e-22 8.89614848582725e-22 5.466212721346908e-23 0 0 0 0.002876971127039724 -6.197140892400296e-05 0 
0.1000006771892167 -1.221552062315173e-05 0 9.057717191586732e-08 -1.907671201556191e-06 -5.717472393966534e-23 -1.80700362080928e-23 1.254740481376952e-23 -1.71525158117731e-23 0 0 0 0.002500026119461618 -7.219556224629686e-07 8.673617379884045e-21 
0.100000001919033 -1.73222998445243e-09 -5.551115123125741e-19 2.270922068197222e-10 -1.721562673557167e-09 7.143480071219608e-23 1.151396716630429e-35 -4.221014399163945e-23 1.001139301718306e-23 0 0 0 0.002500000067166135 -9.960465774654743e-10 -8.673617379883971e-21 
0.1000000000063952 -1.077497466250859e-11 5.55111512312579e-19 7.87569533663065e-13 -9.477295857869105e-12 -2.37460789231516e-23 -8.816207631167158e-39 1.265214612211521e-22 4.403329989938438e-24 0 0 0 0.002500000000223831 -3.281389374630586e-12 8.673617379884046e-21 
0.0999999999999963 1.326150560893017e-10 -6.40460455768003e-27 -3.496159519297002e-14 -4.172675719047547e-14 3.081772026732942e-23 3.61400724161629e-24 -6.919285202373838e-23 1.530449159986822e-24 0 0 0 0.002499999999999876 3.26239686307404e-12 8.673617222327563e-21 
0.1000000000001985 7.35089072945175e-13 -5.55111512312579e-19 1.171943815140667e-14 -3.919551509331167e-13 7.784233288118524e-25 -1.175494350822288e-38 -1.804272869068767e-24 -2.202080609845665e-23 0 0 0 0.002500000000006965 2.683400376901635e-15 8.673617379884046e-21 
0.1000000000006008 -4.885939743071233e-11 5.551115099529288e-19 -5.784519553166888e-14 -1.107924280787317e-12 -3.743372994062845e-23 -2.891205793294582e-23 -1.42428855068357e-22 -1.326678658573084e-23 0 0 0 0.002500000000021038 -1.107386480691406e-12 8.673617326403146e-21 
0.09999999999872569 -5.189462574939365e-10 0 2.724940694379778e-13 2.412005983991549e-12 -4.688478291202598e-24 2.20405190779179e-39 -1.07131941246468e-24 -1.26306474042534e-24 0 0 0 0.002499999999955416 -1.293980385081581e-11 0 
0.09999999999925252 1.075801687316909e-09 -2.627635567017613e-26 -3.328696200617031e-13 1.42625149605527e-12 6.531193499623794e-23 -3.614007241617696e-24 -5.848920649715169e-23 1.890889510580646e-24 0 0 0 0.002499999999973853 2.654935190964094e-11 -6.484654391371021e-28 
0.100000000000702 1.461779048500525e-10 1.110223024625158e-18 1.670670710569788e-13 -1.308704944964979e-12 -5.082350558458353e-23 -5.059610138265841e-23 -2.449733434990542e-22 1.401330020252725e-23 0 0 0 0.002500000000024571 3.312546634562357e-12 0 
0.1000000000000454 4.644036457474044e-10 1.108521983491558e-26 -9.176109016149285e-14 -1.288445645913724e-13 1.119648327290943e-23 3.252606517456015e-23 -1.121211524986716e-22 -3.101537501331677e-24 0 0 0 0.002500000000001582 1.137981581796765e-11 8.673617651517881e-21 
0.1000000000009483 8.904248866015116e-11 0 -1.160170593858811e-14 -1.795416649011399e-12 7.007469949843275e-23 1.084202172486081e-23 1.391417551175979e-22 -1.502817805342715e-24 0 0 0 0.002500000000033187 2.179354786913104e-12 0 
0.1000000000000988 -3.734862245863309e-10 -2.775557653823184e-19 1.087421294214174e-13 -1.995622303756708e-13 -6.955254969566212e-23 -1.034435028723613e-35 7.274275974535731e-23 -1.314417271280549e-23 0 0 0 0.002500000000003472 -9.200429860242098e-12 -2.272732717471932e-28 
0.09999999999952557 -2.991530634322016e-12 2.775557561562895e-19 -4.318535783605822e-14 9.040257579451386e-13 6.074592224871435e-23 1.542836335454253e-38 -3.131351840545062e-25 1.800159285426747e-24 0 0 0 0.002499999999983403 -1.216745888071862e-14 0 
0.09999999999960203 4.772380407525008e-11 -5.55111512312579e-19 3.443078091156072e-14 7.629434912171574e-13 -7.126134875314709e-23 3.614007241616811e-24 -6.891341392002661e-23 -5.654657796146342e-24 0 0 0 0.002499999999986079 1.113651813995636e-12 8.673617379884046e-21 
0.1000000000000506 3.52551971991022e-10 2.220446049250306e-18 -8.57390825004349e-14 -9.530872646189901e-14 1.029995282110797e-22 -7.228014483235938e-24 1.15144549789468e-23 9.823810146922062e-24 0 0 0 0.002500000000001773 8.656825798737668e-12 -8.673617379884009e-21 
0.1000000000003723 3.437614776169454e-12 0 4.894936701342142e-14 -7.14537641049536e-13 -2.810479691611056e-22 1.445602896647337e-23 -5.593881219557227e-23 1.234214117411063e-23 0 0 0 0.002500000000013035 1.450120405699368e-14 0 
0.100000000000348 1.942911977137473e-11 5.551115127871333e-19 -4.616579456681118e-14 -6.692594925285503e-13 8.032379071953254e-23 -2.233439266562347e-37 -3.037602492107679e-23 7.322272983598795e-24 0 0 0 0.002500000000012187 5.382169319598226e-13 8.673617393029943e-21 
0.1000000000000499 -3.084539568209985e-10 -2.775557559850627e-19 8.025892890100234e-14 -1.0010198561195e-13 -1.030995771753108e-22 7.885363042109761e-36 -5.585170452776215e-23 -2.236608199814455e-24 0 0 0 0.00250000000000176 -7.579687203405926e-12 4.207571626338959e-30 
0.09999999999985103 -2.677580379639719e-11 -6.539965053073293e-28 -5.750311777667494e-14 2.805666798862437e-13 1.418164371906648e-22 2.057115113939003e-38 -1.176766911208034e-24 6.774032728611569e-24 0 0 0 0.002499999999994791 -5.695585062609472e-13 8.673617365972633e-21 
0.09999999999997528 -1.775307331697274e-10 -2.775557561562893e-19 4.323834207342317e-14 5.589951969062639e-14 3.775985590302415e-25 -5.87747175411144e-39 -5.16632262266824e-27 6.558297308690729e-24 0 0 0 0.00249999999999915 -4.353630086648104e-12 -8.67361737988404e-21 
0.09999999999977489 -1.427937629250315e-12 -2.775557561562895e-19 -2.026136457685307e-14 4.286390596638802e-13 -6.933317359229446e-23 -5.877471754111439e-39 9.345057169835214e-25 -1.920285478847675e-23 0 0 0 0.002499999999992126 -6.07153216591885e-15 0 
0.09999999999989982 2.304137783348813e-11 0 5.953572357332478e-15 1.919480730654206e-13 -3.870136000501027e-23 4.114230227878007e-37 5.590236976097858e-23 -2.340829494149682e-23 0 0 0 0.002499999999996502 5.408922008204306e-13 -8.673617379884045e-21 
0.1000000000001118 8.772717795257919e-11 2.220446049250311e-18 -3.024264889443912e-14 -2.10582047064542e-13 2.830615436267665e-22 3.614007241618198e-24 1.017693109579022e-22 -2.189894621601287e-24 0 0 0 0.002500000000003929 2.173809092800854e-12 0 
0.1000000000000383 -7.577770876066043e-11 1.942890292189626e-18 3.873551849646314e-14 -7.371632395124114e-14 -1.275817093181332e-22 -1.445602896647269e-23 -5.496721629115072e-23 2.172756118153937e-24 0 0 0 0.002500000000001335 -1.889051523713827e-12 -2.254563633555101e-29 
0.09999999999994921 5.385652861178423e-11 -5.551115116548573e-19 -2.860637467646e-14 9.304473154565178e-14 -2.001939352325259e-22 2.386253532169243e-36 6.924941785589441e-23 -1.668075921866826e-23 0 0 0 0.002499999999998236 1.340611920520179e-12 -8.673617363511866e-21 
0.1000000000000425 -3.194623385271994e-11 -2.498001805406604e-18 1.797487159116511e-14 -7.814229855468144e-14 1.732970013349488e-22 -2.529805069132937e-23 -1.566019295440168e-23 9.87900793107909e-23 0 0 0 0.002500000000001484 -8.042259349791426e-13 0 
0.09999999999996849 1.633589097327359e-11 9.975065257462028e-29 -9.542655092046387e-15 5.725199315680025e-14 6.325815450150478e-23 -7.228014483236698e-24 -2.441492910410047e-23 7.61058285863457e-23 0 0 0 0.002499999999998907 4.264126486804019e-13 2.603772273060091e-30 
0.1000000000000197 -5.022414775734949e-12 3.066800287781191e-29 3.708354688140445e-15 -3.66669450541033e-14 1.336098483401356e-24 1.445602896647307e-23 1.536266996558394e-22 8.215812911555143e-23 0 0 0 0.002500000000000697 -1.338650869840695e-13 8.174105596973983e-31 
0.1000000000000023 -1.225582135777614e-13 2.775557561562895e-19 -1.757050061002017e-15 -5.795828574225151e-15 -2.547754798852721e-25 0 -1.402970107780933e-23 1.012626443483445e-22 0 0 0 0.002500000000000097 -5.258380536554696e-16 0 
0.1000000000000022 -8.370778029065386e-12 -5.551115123381353e-19 1.811710966433596e-15 -4.100412802928605e-15 -1.566182666761272e-23 1.084202172485561e-23 -1.398024129460188e-22 4.56397196504394e-23 0 0 0 0.002500000000000081 -1.957120446607896e-13 -5.97531049991908e-31 
0.0999999999999899 -1.656964496166146e-12 -2.775557561599684e-19 -3.907899466989151e-16 1.916758748946937e-14 1.136516770062771e-22 -1.175494350822288e-38 -2.126286268309255e-24 1.316237680591385e-23 0 0 0 0.002499999999999644 -4.916450276407079e-14 -1.091671259258371e-31 
0.0999999999999976 7.792377854087818e-13 0 -5.128541110307087e-16 4.30976598681902e-15 -8.619507484432443e-23 -1.763241526233431e-38 1.371063471882172e-23 9.06492796205102e-24 0 0 0 0.002499999999999925 2.436202281574929e-14 0 
0.1000000000000075 -6.314393452555577e-14 5.551115123125785e-19 -6.489292899332828e-16 -1.478946031339159e-14 1.525380339544559e-23 8.816207631167155e-39 3.389189218080184e-25 6.906679782728534e-24 0 0 0 0.002500000000000277 -1.870248747537495e-16 0 
0.09999999999999641 -6.349348130596514e-12 0 1.940815332520281e-15 6.363895299855482e-15 -2.673895545341705e-23 -4.408103815583579e-39 -1.324317086023838e-24 -4.383016739786239e-24 0 0 0 0.002499999999999883 -1.465434761385721e-13 0 
0.09999999999999286 2.704086954352649e-12 -1.110223024616901e-18 -1.549849137916214e-15 1.251106386476754e-14 -1.808133115698599e-23 -3.61400724161842e-24 -5.513475859786863e-23 8.782067841805375e-23 0 0 0 0.002499999999999762 7.303050308590802e-14 2.229704015713176e-31 
0.1000000000000154 -8.63892291036449e-14 5.551115123125784e-19 -1.036246320233283e-15 -2.96705604376791e-14 -4.494678895725828e-25 0 -1.321220878752901e-24 7.726251752344135e-23 0 0 0 0.002500000000000552 -3.36102673470506e-16 0 
0.09999999999999985 -1.112929193247677e-11 -2.775557561562895e-19 2.830910968606064e-15 7.237588302788307e-16 3.86005575914927e-26 -2.350988701644576e-38 3.572360734288159e-25 6.369626499293586e-23 0 0 0 0.002500000000000005 -2.688956913035604e-13 8.673617379884046e-21 
0.09999999999995036 2.066923021626372e-13 2.77555756156289e-19 2.821651477284228e-15 9.585920592176568e-14 8.67656636459585e-24 -7.052966104933726e-38 1.289549415227839e-23 5.900925181227087e-23 0 0 0 0.002499999999998276 1.076070656191866e-15 0 
0.09999999999989954 3.338700843569244e-11 0 3.050003305473396e-15 1.873932888317528e-13 -6.292505539431657e-23 1.445602896647284e-23 -6.854715062347157e-23 1.043568420773772e-23 0 0 0 0.002499999999996483 8.103625192754098e-13 8.673617379884033e-21 
0.1000000000001498 8.761212241803513e-11 -5.551115123125786e-19 -3.17571096734473e-14 -2.805942968422152e-13 9.029730834300207e-23 -7.228014483233458e-24 1.258254279048916e-22 9.236499939667317e-24 0 0 0 0.002500000000005259 2.173361859404706e-12 0 
0.09999999999997489 -9.753387333888464e-11 -1.191127870478736e-27 5.181439513557282e-14 4.554493253488321e-14 -1.834879959093263e-23 -5.436661372553079e-38 2.688778094869095e-24 -4.715348957036232e-24 0 0 0 0.002499999999999125 -2.436902947228909e-12 -2.976056336869478e-29 
0.09999999999991122 1.085274231593657e-10 0 -4.45310110545364e-14 1.61033338626966e-13 -1.662829968778853e-23 -7.228014483234378e-24 2.71625520694963e-23 -8.116550518417052e-24 0 0 0 0.002499999999996907 2.708900811998479e-12 0 
0.1000000000002623 -2.240846397327799e-11 -2.775557561562894e-19 4.322341790045118e-15 -4.948864642668922e-13 -7.533174834043955e-25 -1.084202172485513e-23 -2.777647617542175e-23 1.308094231736252e-23 0 0 0 0.002500000000009193 -5.387888486058087e-13 0 
0.1000000000000231 -1.214580953173838e-10 2.775557576395902e-19 2.304867940024872e-14 -5.538703655180281e-14 2.525889633286074e-23 3.614007241616824e-24 -8.343870497391738e-25 -6.619162105792651e-24 0 0 0 0.00250000000000083 -2.985651548041701e-12 -8.673617343421898e-21 
0.1000000000001381 -4.749685887650588e-11 5.551115134463191e-19 -3.616044685905349e-14 -2.603767263099134e-13 -7.862424761478513e-23 3.614007241618318e-24 2.932959271722246e-23 -9.96424671074724e-24 0 0 0 0.002500000000004831 -1.090630136115633e-12 2.603311780201137e-29 
0.09999999999995077 -2.428507481916377e-10 2.775557619530859e-19 5.75674059347961e-14 9.77443599114326e-14 7.149942539851113e-23 -2.938735877055716e-38 7.842113804777404e-26 -4.063815206011051e-24 0 0 0 0.00249999999999828 -5.979828990917315e-12 1.427372923243041e-28 
0.09999999999967461 -1.779132396961821e-12 0 -2.600125092085587e-14 6.261337138893055e-13 1.696184340710984e-22 -1.102025953895895e-38 -6.179885690012131e-25 -2.232803206325529e-24 0 0 0 0.002499999999988625 -7.312943653414757e-15 8.673617379884046e-21 
0.09999999999960174 4.774874072521725e-11 3.885780586188053e-18 3.438151337706415e-14 7.59788207176344e-13 1.714236969405263e-22 -4.336808689942069e-23 -8.372221632996298e-23 -1.916711707205454e-23 0 0 0 0.002499999999986065 1.113963522120225e-12 8.673617379884046e-21 
0.1000000000000503 3.525504541079815e-10 -5.55111512312578e-19 -8.573113122191048e-14 -9.58530747681587e-14 -3.070704434880694e-22 1.807003620810543e-23 5.482947000017364e-23 8.879690833073089e-24 0 0 0 0.002500000000001778 8.656874587835452e-12 -8.673617379884031e-21 
0.1000000000003972 3.213748711594646e-12 -5.55111512312579e-19 4.607291654671697e-14 -7.651245322068309e-13 -9.854327883212431e-23 -1.445602896647338e-23 5.722079203309017e-23 -2.441110411926637e-24 0 0 0 0.002500000000013912 1.335466025959026e-14 0 
0.1000000000004726 -3.840330831117472e-12 0 -5.469012118175515e-14 -9.045740221031296e-13 3.750194458271152e-23 2.057115113939003e-38 2.030858710866924e-24 -6.440545093678059e-24 0 0 0 0.002500000000016548 -1.631995320133812e-14 0 
0.1000000000000262 -4.182282992148937e-10 2.775557662553937e-19 1.057198914059951e-13 -3.403420614340659e-14 5.448877328608108e-23 7.228014483228691e-24 -3.061150625298606e-23 8.555784835699857e-24 0 0 0 0.002500000000000919 -1.028082648310206e-11 8.673617628138732e-21 
0.0999999999989286 -2.079339304905651e-11 2.775557566583979e-19 2.0025540253807e-14 2.026432615251198e-12 3.684550178232936e-23 5.877471754111439e-39 -5.277026393932922e-25 4.290096983944157e-24 0 0 0 0.002499999999962494 -5.328365786788588e-13 -8.673617367017549e-21 
0.09999999999997573 5.283243460774148e-10 0 -1.400007706986365e-13 5.367028692626331e-14 -3.623846002339233e-23 1.445602896645812e-23 -1.128801037758093e-22 2.786277625993878e-23 0 0 0 0.002499999999999166 1.298055629997411e-11 8.673617379884031e-21 
0.1000000000007467 3.607877885336578e-12 -5.55111512312579e-19 5.184747307411062e-14 -1.425856772669031e-12 1.459519649710178e-24 1.175494350822288e-38 -6.290459879506017e-25 1.62740979905622e-23 0 0 0 0.002500000000026136 1.457167719820524e-14 0 
0.1000000000005729 -1.365655852292306e-10 2.775557561562895e-19 -3.196657799571188e-14 -1.098882224248034e-12 1.428377794065655e-22 -1.44560289664755e-23 5.633336995564157e-23 1.543829346855155e-23 0 0 0 0.002500000000020056 -3.27119516370376e-12 0 
0.09999999999985028 -5.07933408874781e-10 -2.775557682805546e-19 1.146365992872614e-13 2.854146881516044e-13 -1.429793308433175e-22 -1.116719633281172e-37 7.294384445757839e-25 2.064291216095552e-23 0 0 0 0.00249999999999476 -1.247422033289613e-11 8.673617082126926e-21 
0.09999999999932556 -3.899311429300683e-12 2.775557561562895e-19 -5.458736425841448e-14 1.279945091598456e-12 -1.994924746254766e-23 -2.057115113939003e-38 -7.521718377603854e-26 -3.000460833344069e-24 0 0 0 0.002499999999976399 -1.683765973869995e-14 -8.673617379884046e-21 
0.09999999999995056 8.851001528920083e-11 8.49999662046561e-27 -1.698551808463437e-14 1.037753977771189e-13 -2.006855712608659e-23 -1.630998411765924e-37 4.14294468751501e-25 4.132393728567519e-24 0 0 0 0.002499999999998279 2.176152324746143e-12 -8.673617170898798e-21 
0.1000000000002473 4.350144376663566e-11 -5.551115102358379e-19 -1.682384416964748e-14 -5.026960496495243e-13 -5.154012855747023e-23 3.614007241618568e-24 -3.684285062099578e-25 -7.207199841061918e-24 0 0 0 0.002500000000008653 1.083772557374651e-12 -8.673617328145189e-21 
0.1000000000013996 -1.42983411569044e-10 2.7755574933032e-19 -1.151656503956752e-13 -2.647237798416162e-12 7.005399155004085e-23 -5.701147601488095e-37 1.429786679364932e-23 -1.377569682799162e-23 0 0 0 0.002500000000048993 -3.310906778776536e-12 -1.580613323419646e-28 
0.09999999999979768 -1.190311087542734e-09 -2.77555699000946e-19 2.983802818248356e-13 3.759958006368106e-13 -2.567511558832906e-23 -1.175494350822286e-37 5.693336103216824e-25 -7.852198653579901e-24 0 0 0 0.002499999999992939 -2.929374679026085e-11 1.406602111096747e-27 
0.09999999999875073 3.224664459067199e-11 1.539441593533139e-27 -1.7843755547213e-13 2.365090212892213e-12 2.776382280899148e-23 3.585257770007977e-37 2.619054013013837e-23 9.879138608759319e-24 0 0 0 0.002499999999956276 1.036491855885274e-12 8.673617429365742e-21 
0.100000000000045 -8.792940334178896e-11 -5.55111512312585e-19 3.035445922394899e-14 -8.569789290873956e-14 8.07492205041136e-23 -1.445602896646971e-23 -8.243349708792673e-23 9.172727141586384e-24 0 0 0 0.002500000000001577 -2.169256798929075e-12 8.673617379884141e-21 
0.1000000000120629 9.144776949576754e-11 5.55111512312579e-19 -1.451745971816261e-12 -1.574597368541603e-11 -8.371890132887802e-23 1.763241526233432e-38 -1.227275305910854e-24 -5.389765508328497e-24 0 0 0 0.002500000000422205 6.13883943678675e-12 0 
0.10000000196526 -6.544054777235482e-08 -2.220442925145392e-18 -2.332050095236405e-10 5.860693464585093e-09 -2.797479269333292e-22 -1.084202172485442e-23 1.142265436501354e-22 -5.627212003458282e-24 0 0 0 0.002500000068783016 -8.20702165081617e-10 3.917998492143312e-26 
0.09999784290864563 -3.70159066774047e-05 2.775557561562887e-19 2.533409957578376e-07 3.966992840008495e-06 1.524659305057738e-22 2.821186441973494e-37 1.450043531115531e-24 9.12245285635467e-24 0 0 0 0.002499924714207671 -8.556275287677924e-07 0 
0.1002714953062132 0.0005657537195595814 -5.554255687154402e-19 -8.792424379925549e-05 -0.0008914245679882826 4.948400400485629e-22 2.529805069132965e-23 2.048112525600557e-22 3.232291763692217e-23 0 0 0 0.002533891029923581 0.0005642399313977033 1.703401867814277e-20 
0.1042272321730232 0.0006168948744433708 -5.55111512312579e-19 -0.008097189101741684 -0.0009127943345673962 3.469446951953618e-20 2.276824562219561e-22 3.702116228357259e-21 5.048380959770491e-23 0 0 0 0.01818675647743387 0.0005645620774078735 0 
0.1195026104260608 0.0006201122683257626 0 -0.1120059243137955 -0.0009128417462090716 5.55111512312579e-19 -8.872387778173041e-21 -1.38216729587747e-19 1.013569779140891e-21 0 0 0 0.6220913690788664 0.0005645621029132959 0 
0.1284461398518909 0.0006499867471733822 3.139091597996985e-20 -0.39496234301671 -0.0009128562973189459 -4.408612245640397e-20 3.021310053991255e-20 7.614801034096201e-19 1.204408648013226e-20 0 0 0 4.370642606040311 0.0005645621029490258 2.726535828032911e-20 
0.09851093088637367 0.0006148879668075477 2.775557561562895e-19 -0.4961814021167771 -0.0009150451960534444 0 2.220446049250317e-20 -1.003086448696341e-18 3.040957390109229e-20 0 0 0 10.57772118153773 0.0005645621049432694 0 
0.07201621149800924 0.0007029969400645208 2.775557561562871e-19 -0.2538287860994072 -0.000913616485671318 -1.110223024625148e-18 -1.480297366170474e-19 -5.338636871654179e-19 -2.246801608481117e-21 0 0 0 17.00947180921568 0.0005645620868910383 0 
0.08615268968125553 0.0007571753283798631 -3.14123312677466e-19 -0.1337896381125099 -0.0009120817749554703 4.404871712999969e-20 -1.480297366166809e-19 5.73232412377453e-19 -2.290020096661438e-20 0 0 0 20.52065536580345 0.0005645620918981434 7.102700821826348e-17 
0.09408986928791808 0.00093565842061881 -2.775557561562895e-19 -0.06389272470944543 -0.0009104037576469981 2.775557561562895e-19 -2.960594732333752e-20 -5.301587452591575e-19 -2.296629940506055e-20 0 0 0 23.00631188045602 0.0005645620989147583 -7.105427357601011e-17 
0.09778129371807397 0.001633375913746117 0 -0.02536923178880534 -0.0009021967545420316 4.163336342344388e-19 -2.866024498491256e-32 1.789797526697861e-19 1.278970676076133e-20 0 0 0 24.23312922923141 0.0005645621424798943 0 
0.09927366498825055 0.005090360297387442 -5.551115123125789e-19 -0.008521701222435037 -0.0008095154807981548 4.163336342344342e-19 2.214819436045322e-33 4.679237589117158e-19 -1.180438795503895e-19 0 0 0 24.74630847488805 0.0005645627841000111 0 
0.09979273425063359 0.002508459325523391 1.110223024625155e-18 -0.002453331190604049 0.0003819385126094512 8.586881206085182e-19 -5.921189464693561e-20 -4.600485578941065e-19 -3.290481358764482e-19 0 0 0 24.9274040912699 0.0005645773952345231 0 
0.09994602245904152 0.0007709923813149548 3.330669073875473e-18 -0.000578921972400993 0.001220300679678958 9.172350379227378e-19 2.960594732333748e-19 -5.961982206916402e-19 2.469611987725533e-20 0 0 0 24.98110227358158 0.0005651990307331569 0 
0.09999132811414428 0.0001162981667459852 -5.495594855075261e-19 -8.034481926651978e-05 0.0007729355489746593 -1.984298862817699e-18 2.960594732333094e-20 -1.056464890427005e-18 -4.240464076464309e-20 0 0 0 24.99696478120494 0.0005815725094615556 -7.10265095428189e-17 
0.09999992971690919 1.778071816952554e-06 2.220446049250315e-18 -8.153180604968808e-07 1.777582681372476e-05 1.617070599603187e-19 -2.960594732334253e-20 2.432061897990293e-19 2.180295714469173e-19 0 0 0 24.99997540075151 0.0005115903624730501 0 
0.1000000027561349 -1.372402032295925e-07 -6.627974658542847e-24 -1.047488238143744e-09 -1.636185479604287e-06 -1.503558988221577e-19 -2.960594732293909e-20 2.00166586242003e-18 9.437415570178593e-19 0 0 0 25.00000096464864 -4.881623569819372e-05 7.105191601047109e-17 
