0.09990786877581688 -0.0001195350885278145 0 0.002511144337186397 -0.1158142269582609 -1.17961196366423e-18 -1.65793305010694e-18 2.811876838898789e-18 8.697493520213305e-20 0 0 0 249.679602572316 -0.3935151640279261 0 
0.0997654570832112 -0.0004200215901408051 -2.572709388069807e-19 0.009283142319560426 -0.08143539409165132 2.27190032674111e-18 5.210646728907643e-18 -1.768838788947394e-18 -6.968308226140472e-19 0 0 0 249.1817713046892 -0.9603902418246993 1.183250137336973e-15 
0.09929083616880495 -0.001723119576427502 2.775557561562894e-19 0.02749408691544204 -0.0253905181584755 -4.99600361081321e-18 4.736951571734666e-19 -9.824169835137087e-19 -2.3384642854066e-19 0 0 0 247.5225328335366 -3.327330980631174 -1.136868377216162e-15 
0.09792560831006211 -0.005395341562983686 -2.775557561562887e-19 0.07749160396746035 0.06781493880189554 4.718447854656908e-18 1.328891661627195e-32 -5.922382366429831e-20 -3.565386679326313e-19 0 0 0 242.7878112331216 -11.59518515692605 0 
0.09543517557809929 -0.008651923245040055 2.775557561562894e-19 0.1671832297869112 0.2363732201163551 5.551115123125789e-19 -5.007417855406814e-33 -6.72253863921515e-20 1.274144514073387e-18 0 0 0 234.2908781465536 -30.06294931186008 1.136868377216162e-15 
0.09156973799273371 -0.01208923224284533 -2.775557561562925e-19 0.3025792606989879 0.4293009015890238 3.33066907387551e-18 1.31733608196087e-31 -2.327601302288856e-18 1.760773472612452e-18 0 0 0 221.1736693113534 -43.38659301055082 0 
0.0857307528430639 -0.02169612162046307 0 0.5057281771546003 0.5709342120404581 -3.330669073875473e-17 -4.736951571733866e-19 8.683763899470885e-19 3.341557227095742e-18 0 0 0 201.0233219540833 -63.82220400671211 -5.684341886080808e-16 
0.07679275943420368 -0.04274634568685496 -4.573087858008996e-19 0.7994938430964947 0.05249039197344803 -3.359211448434685e-17 -7.105427357601071e-18 -2.049374833986042e-17 6.849078558159104e-18 0 0 0 170.596093767882 -106.9087284128171 -1.212882932851195e-17 
0.06927628234132671 -0.03790811168879886 -1.553205184981743e-18 0.9661586204593154 0.04475298327454847 -3.336580481633979e-17 -7.105427357509428e-19 4.078828859748219e-17 6.345091260487299e-18 0 0 0 145.2813384588272 -105.8080810100697 -5.109969696202032e-15 
0.06365898847934902 -0.004364044511028036 -4.858934521114811e-19 1.139526912718263 0.0370093629837415 -4.264210916782214e-17 2.25005199657353e-18 -2.296119709509718e-17 3.668031678309346e-18 0 0 0 134.0776236934726 -46.93610867742766 6.014603558208831e-16 
0.06144530579550221 -0.001568744752429941 2.775557561562894e-19 1.078777038320972 0.08320401334447418 -2.220446049250315e-17 -5.329070518209395e-19 -3.002141012414576e-17 -3.186685653770292e-18 0 0 0 128.9148642158351 -13.24719346409255 2.273736754432323e-15 
0.0928094069841461 -0.001561200035751435 0 1.900724406756874 0.09049380196393643 -3.552713678800505e-17 -1.147491028701448e-17 -1.897491253981249e-17 2.288058554835763e-18 0 0 0 120.643750794511 -4.03463498078171 2.273736754432323e-15 
0.1556970784971421 -0.001548458534232349 -5.551115123125789e-19 2.649060124177099 0.07824455694826087 -3.552713678800505e-17 -1.372823296014199e-17 1.997687150723543e-17 5.70230661767967e-18 0 0 0 101.1877576302445 -4.149685506515536 2.557953848736363e-15 
0.1705890757550999 -0.00155193823485282 5.551115123125789e-19 1.840032916540046 0.07808646704526057 -3.552713678800505e-17 -9.122101222539539e-18 1.591096584822636e-17 3.367484994141496e-18 0 0 0 45.98061193555994 -4.195364159832233 2.557953848736363e-15 
0.131156625725897 -0.001553526144554807 -5.551115123125773e-19 0.4855347113691116 0.07492735111246313 -3.552713678800495e-17 -4.764956513849663e-18 4.520772857374803e-18 4.662772567252502e-19 0 0 0 7.369461685912034 -2.356772289666423 3.197442310920445e-16 
0.1080516657015292 -0.001657083295509954 -5.551115123125789e-19 0.04942674672401576 -0.010134159291557 -1.387778780781447e-19 4.459684936157719e-21 -6.663353176966384e-20 1.591353551072737e-20 0 0 0 0.3024873142051844 -0.01471367369933897 0 
0.1008846336496371 -0.0002954401161262508 0 0.001119213665980907 -4.112363745172818e-05 4.33680868994207e-21 -2.891205793294756e-23 3.121434209373109e-22 8.908586346761379e-23 0 0 0 0.003922589798464048 -1.213104319633456e-05 -1.734723475976828e-20 
0.1000127535793031 -0.0002199954202068492 -2.775557561562894e-19 1.922400256538527e-06 -3.355158871055507e-05 7.19978005166156e-23 -7.228014483240554e-24 -8.190085292817577e-23 -1.913395175667384e-24 0 0 0 0.002500558515725436 -9.941453598112877e-06 -8.673617379884045e-21 
0.09999998731742683 1.0098147526505e-07 -5.551115123125789e-19 -1.499143143288786e-09 -1.545802370772807e-08 -5.259214334612156e-23 -1.445602896647417e-23 -2.099855544320846e-24 -1.689767621556428e-23 0 0 0 0.002499999556138443 -5.454214727432262e-09 -8.673617379884045e-21 
0.09999999998632773 1.802971964434677e-09 5.551115123125741e-19 -1.912442428031532e-12 8.147942926269678e-12 1.661660528556327e-22 -3.614007241608661e-24 2.94871681227892e-23 6.714355050175307e-24 0 0 0 0.00249999999952148 3.507265278982609e-11 0 
0.1000000000011487 1.225599483012379e-11 0 1.60966538477932e-13 -2.203233089130156e-12 -1.922585875604218e-22 -1.175494350822288e-38 7.015423343013139e-23 -8.308240497562938e-24 0 0 0 0.002500000000040206 5.22720972409576e-14 0 
0.09999999999999705 1.348469513134935e-10 -6.512393271470545e-27 -2.830170172292938e-14 -2.307566453427416e-14 3.173076654203372e-23 -9.639053676742759e-37 -5.605033380316033e-23 -1.231614761389396e-23 0 0 0 0.0024999999999999 3.335024856103412e-12 -1.610640301580297e-28 
0.10000000000016 6.064593272014943e-13 0 9.457600443537239e-15 -3.185917981753071e-13 8.236076406322292e-25 5.877471754111439e-39 -7.393208944489706e-25 -1.519262905802463e-23 0 0 0 0.002500000000005615 2.295798100238065e-15 0 
0.1000000000004832 -4.876294680544801e-11 -2.775557585112814e-19 -4.672025891160449e-14 -9.099270357885446e-13 -3.783789080195455e-23 -1.445602896647304e-23 -2.815413952803594e-23 -1.56116926114615e-23 0 0 0 0.002500000000016919 -1.126984790211798e-12 8.673617325456651e-21 
0.09999999999897423 -5.301474537144926e-10 -2.77555756156289e-19 2.205564691527573e-13 1.972528889734593e-12 1.343857494875395e-23 -3.379546258614078e-38 -6.56595860804733e-26 4.585524056979497e-24 0 0 0 0.002499999999964113 -1.322184278295533e-11 0 
0.09999999999939806 1.095570812889575e-09 -5.55111539071792e-19 -2.694420411320556e-13 1.16477364224302e-12 1.315770192716828e-22 -3.614007241610155e-24 -5.816049441597407e-23 6.653916515774946e-25 0 0 0 0.002499999999978945 2.711200404806315e-11 -6.622081650335823e-28 
0.1000000000005647 1.457894568956944e-10 1.665334536937737e-18 1.351265768260188e-13 -1.072892558257054e-12 3.365750908990097e-24 -4.336808689941926e-23 -2.927907953110378e-23 1.187271896737681e-23 0 0 0 0.002500000000019767 3.369391354465771e-12 0 
0.1000000000000371 4.721358286968759e-10 1.12697854570496e-26 -7.426164081818824e-14 -9.9843768357025e-14 -8.131144638954195e-23 1.807003620809116e-23 -5.503259608506973e-23 -3.224240776810034e-24 0 0 0 0.002500000000001294 1.161709346341611e-11 2.77297639809599e-28 
0.1000000000007635 9.044136967117886e-11 0 -9.387396878385607e-15 -1.468151988926405e-12 7.122872600994676e-23 1.084202172485934e-23 1.407467218413564e-22 -2.411641249742488e-25 0 0 0 0.002500000000026718 2.224487412848244e-12 8.673617379884141e-21 
0.1000000000000797 -3.802922386719783e-10 -9.39415468798223e-27 8.806707909223545e-14 -1.616613196053383e-13 -7.106835092103248e-23 -7.111740822474842e-36 7.277606384718318e-23 -1.562691424463226e-23 0 0 0 0.002500000000002802 -9.395569988256903e-12 -2.320937134022882e-28 
0.09999999999961805 -2.429913908974523e-12 0 -3.491180701013322e-14 7.385027632187286e-13 7.123758283531881e-23 2.204051907791789e-38 -3.594980602297704e-25 3.08201405100115e-24 0 0 0 0.002499999999986638 -9.950265437985758e-15 8.673617379884046e-21 
0.09999999999967958 4.790447552527307e-11 0 2.782862019527972e-14 6.226710916519378e-13 -7.724561324892711e-24 -1.216269311116436e-36 -5.528930449152784e-23 5.922023344312339e-25 0 0 0 0.00249999999998879 1.134357364984678e-12 0 
0.1000000000000406 3.586955385492808e-10 1.66533453693773e-18 -6.94192518283947e-14 -7.804827640609729e-14 8.771407084884489e-23 -3.291384182302402e-37 5.578609617437172e-23 6.989354349418691e-24 0 0 0 0.002500000000001426 8.838917553606608e-12 0 
0.1000000000002999 2.784317915116586e-12 -5.55111512312579e-19 3.958824148127717e-14 -5.831503436007335e-13 -3.506800719377761e-22 1.445602896647338e-23 -5.654540557232362e-23 1.240491701934103e-23 0 0 0 0.002500000000010498 1.176359357146777e-14 0 
0.1000000000002803 2.035632946928433e-11 4.972014448204118e-28 -3.733537576322846e-14 -5.460306773919777e-13 9.299265550968028e-23 -1.513448976683695e-37 -1.556254688818717e-23 -4.276339675056451e-24 0 0 0 0.002500000000009815 5.520242466264255e-13 -8.673617366400904e-21 
0.1000000000000402 -3.138929220714024e-10 -5.551115121383325e-19 6.49685178340766e-14 -8.120848722879716e-14 -1.054993448184985e-22 5.812819564816214e-36 -5.633310986552447e-23 2.345989758471201e-24 0 0 0 0.002500000000001419 -7.739304802491957e-12 4.296177193159309e-30 
0.0999999999998801 -2.630161713423893e-11 -2.77555756798704e-19 -4.652120170571195e-14 2.295945601017337e-13 1.439610162894315e-22 5.877471754111439e-39 -8.796967164752927e-25 5.678732037227783e-24 0 0 0 0.002499999999995807 -5.773661171555585e-13 8.673617365781933e-21 
0.09999999999997992 -1.806036223350727e-10 2.775557561562893e-19 3.49897675648099e-14 4.446420072351339e-14 -2.220498297790589e-26 -4.40810381558358e-39 -3.633848726770538e-27 3.168605434288969e-24 0 0 0 0.002499999999999311 -4.444941593614832e-12 0 
0.09999999999981878 -1.154892154131564e-12 0 -1.63904015360039e-14 3.502047809633966e-13 -6.989345188969924e-23 -5.877471754111439e-39 6.739754960586864e-25 -1.235700610074461e-23 0 0 0 0.002499999999993661 -4.906014830496928e-15 0 
0.09999999999991933 2.329117801402879e-11 0 4.798098955187776e-15 1.566353542384092e-13 -1.244183606836176e-23 2.997510594596834e-37 5.600151451679615e-23 -1.831890073522535e-23 0 0 0 0.002499999999997184 5.517369330507168e-13 8.673617379884045e-21 
0.1000000000000899 8.938232098909556e-11 1.665334536937733e-18 -2.447838320929584e-14 -1.724694279727985e-13 1.294992159909397e-22 -1.807003620809265e-23 1.560133617533854e-23 5.402633146437701e-24 0 0 0 0.002500000000003161 2.220085552027966e-12 -8.673617379884027e-21 
0.1000000000000308 -7.739512156157431e-11 2.220446048326611e-18 3.13505434575619e-14 -6.009414857789419e-14 1.857541165253214e-23 -2.168404344970926e-23 3.0957105699291e-23 1.159595086115451e-24 0 0 0 0.002500000000001076 -1.930111615238568e-12 -2.303568431984384e-29 
0.09999999999995915 5.501302538513107e-11 -5.551115116407337e-19 -2.3145820214157e-14 7.638509920116015e-14 -1.185628604525672e-22 1.7985063567581e-36 1.13444421969463e-22 -1.044562095360977e-23 0 0 0 0.002499999999998581 1.369714617335121e-12 1.672757575864194e-29 
0.1000000000000342 -3.264389626667091e-11 -2.498001805406604e-18 1.454275611971069e-14 -6.419302713705147e-14 1.844250094765142e-22 -2.529805069132937e-23 5.634709420403061e-23 7.519848550546728e-23 0 0 0 0.002500000000001194 -8.217086950104715e-13 0 
0.09999999999997464 1.669792776270995e-11 -5.55111512210617e-19 -7.72003502791365e-15 4.704031188188842e-14 7.611685745568405e-24 -3.614007241618443e-24 -3.993895736708763e-23 6.092990058041864e-23 0 0 0 0.002499999999999121 4.356934192768778e-13 -8.673617377223595e-21 
0.1000000000000158 -5.140592812535869e-12 3.138962475384951e-29 2.998763506031012e-15 -3.008878569188585e-14 1.063725669955967e-24 -2.586087571809033e-37 9.760545211709479e-23 6.93418075655674e-23 0 0 0 0.002500000000000561 -1.367992091133584e-13 8.67361738071936e-21 
0.1000000000000018 -9.939965517347102e-14 0 -1.420761887767813e-15 -4.667173715308246e-15 -1.750691396825311e-25 -4.701977403289149e-38 -1.422244978804102e-23 8.43664903972463e-23 0 0 0 0.002500000000000078 -4.255493527005604e-16 0 
0.1000000000000017 -8.513285562616881e-12 -2.599202552877203e-29 1.466664290017412e-15 -3.378887470310926e-15 -1.646866763942573e-23 1.084202172485537e-23 -1.267867760439739e-22 3.044457184551384e-23 0 0 0 0.002500000000000065 -1.998130393782161e-13 -6.100518515795786e-31 
0.09999999999999187 -1.672186694667843e-12 -3.713000339784153e-30 -3.159421798256364e-16 1.567921231663005e-14 1.15480356430847e-22 -1.175494350822288e-38 -1.458994240052077e-24 8.359828641094031e-24 0 0 0 0.002499999999999713 -5.014977148831699e-14 -1.113548619720395e-31 
0.09999999999999809 7.969319648637453e-13 0 -4.159425119147158e-16 3.517636771189379e-15 -8.786897335680135e-23 -2.938735877055719e-38 1.387105197726016e-23 1.491230402666334e-23 0 0 0 0.00249999999999994 2.490141339656083e-14 0 
0.100000000000006 -5.108760636751696e-14 0 -5.25027243902798e-16 -1.211691423472935e-14 1.605522044981143e-23 4.408103815583578e-39 2.728633551959103e-25 1.109634665769608e-24 0 0 0 0.002500000000000222 -1.544988095791844e-16 0 
0.09999999999999715 -6.463492935315788e-12 0 1.571165419989021e-15 5.209845756581601e-15 -8.524851026027503e-24 0 -1.031274142252356e-24 -1.381928707369855e-24 0 0 0 0.002499999999999906 -1.496686889007615e-13 -8.673617379884037e-21 
0.09999999999999425 2.768705403832785e-12 8.45317134128294e-30 -1.255125864352273e-15 1.027635519303649e-14 -2.737635839893859e-23 -3.614007241618443e-24 -4.128073892425485e-23 6.280363756700047e-23 0 0 0 0.002499999999999809 7.463512230118657e-14 -8.67361737965617e-21 
0.1000000000000124 -6.973588373426757e-14 5.551115123125784e-19 -8.386594659478168e-16 -2.429411704127872e-14 -3.558888860375057e-25 -2.350988701644574e-38 -1.028796803014885e-24 7.04263335935839e-23 0 0 0 0.002500000000000445 -2.656295322589483e-16 8.673617379884037e-21 
0.09999999999999985 -1.132661672786913e-11 0 2.294447964956701e-15 4.772893785328244e-16 -1.933695293923007e-27 -2.350988701644576e-38 2.948804747423583e-25 5.32344523362457e-23 0 0 0 0.002500000000000004 -2.74585042203678e-13 -8.673617379884046e-21 
0.09999999999996004 1.645385216964006e-13 0 2.288245518992463e-15 7.807442706130124e-14 -1.457054175391434e-25 -4.701977403289151e-38 1.341813325929645e-23 3.721961654760333e-23 0 0 0 0.002499999999998612 8.402566836762684e-16 0 
0.09999999999991918 3.381296978521855e-11 0 2.456971431864674e-15 1.536293217308487e-13 -5.49044870151674e-23 1.445602896647313e-23 -8.453388755547481e-23 7.322400954361831e-24 0 0 0 0.002499999999997169 8.267177090473536e-13 0 
0.1000000000001205 8.928760508730734e-11 5.551115123125786e-19 -2.569982351930343e-14 -2.299496262119321e-13 9.174503269202188e-23 -3.614007241616437e-24 1.13134892765262e-22 5.829552452333548e-24 0 0 0 0.002500000000004232 2.219697949751305e-12 8.67361737988404e-21 
0.09999999999997986 -9.964121541750128e-11 2.775557549394252e-19 4.193669208192955e-14 3.746379291265512e-14 -1.896246935527074e-23 -3.23260946476129e-38 1.864285859206224e-24 -2.446604924168596e-24 0 0 0 0.002499999999999297 -2.490001748626387e-12 -3.040902999950104e-29 
0.0999999999999286 1.106916641679943e-10 0 -3.604684467583745e-14 1.325318971249783e-13 -1.671750104972505e-23 -7.228014483234739e-24 2.760522587488053e-23 -5.937587087724558e-24 0 0 0 0.002499999999997514 2.767092653101208e-12 0 
0.1000000000002111 -2.276867930306457e-11 -2.775557561562894e-19 3.490385526903754e-15 -4.050332532625083e-13 1.774155105196249e-23 -1.08420217248552e-23 -2.823073698180256e-23 1.677823770858066e-23 0 0 0 0.0025000000000074 -5.498964998629227e-13 0 
0.1000000000000188 -1.234675556238684e-10 1.507841753525864e-27 1.865632185775119e-14 -4.395857285354636e-14 -1.108675955104787e-23 3.614007241616827e-24 -7.502602052802364e-25 -7.867353168315404e-24 0 0 0 0.002500000000000674 -3.047914568302112e-12 8.673617417106542e-21 
0.1000000000001111 -4.762687640103034e-11 2.775557572931332e-19 -2.925260797481445e-14 -2.130718536018082e-13 -8.000748339841641e-23 -5.877471754111439e-39 5.433766576498142e-25 -1.466864760898792e-23 0 0 0 0.002500000000003889 -1.110401917983621e-12 2.650506618256708e-29 
0.09999999999996023 -2.470550240080151e-10 2.775557620534411e-19 4.660640669691676e-14 7.931519820228822e-14 7.174868291283172e-23 -2.608128090886948e-38 1.883951955009211e-26 -5.387790793008219e-25 0 0 0 0.002499999999998611 -6.105424325830752e-12 1.457352272253418e-28 
0.09999999999973798 -1.446065489574272e-12 0 -2.101846682811547e-14 5.106698000798656e-13 1.053251491033585e-22 -5.877471754111439e-39 2.78372841667429e-25 -6.77914701192993e-24 0 0 0 0.002499999999990839 -5.990217002982436e-15 0 
0.09999999999967939 4.792086866212105e-11 2.775557561562895e-18 2.779662449289587e-14 6.205878859751295e-13 2.11544136682237e-22 -2.891205793294643e-23 -1.870622579222176e-22 -1.763942606073579e-23 0 0 0 0.002499999999988782 1.134566073902881e-12 -8.673617379884046e-21 
0.1000000000000405 3.586949313960651e-10 -5.55111512312578e-19 -6.941410155004277e-14 -7.840518509544941e-14 -3.114597872386252e-22 3.614007241629091e-24 1.139405786462505e-22 3.259242881397196e-24 0 0 0 0.002500000000001432 8.838966342704393e-12 8.673617379884031e-21 
0.10000000000032 2.607029175871755e-12 5.55111512312579e-19 3.725390505341745e-14 -6.241098107348844e-13 -7.916974218442468e-23 -1.445602896647339e-23 5.748939780815235e-23 -1.276826555727445e-24 0 0 0 0.002500000000011205 1.088810031718572e-14 0 
0.1000000000003806 -3.112527596771399e-12 5.55111512312579e-19 -4.422708935192252e-14 -7.385277679329614e-13 -1.77917371205752e-23 1.175494350822288e-38 1.790273038336186e-24 -1.121873346749088e-23 0 0 0 0.002500000000013324 -1.327334509665384e-14 0 
0.1000000000000208 -4.256111088563034e-10 5.551115225899572e-19 8.562802735386747e-14 -2.986652605933059e-14 3.636951868750402e-23 7.228014483228459e-24 2.709523766365063e-23 1.218894135401781e-23 0 0 0 0.002500000000000731 -1.049774552225667e-11 8.673617633376753e-21 
0.09999999999913776 -2.138406639262661e-11 2.775557566726611e-19 1.620570691528653e-14 1.657647099104695e-12 3.716606135024214e-23 5.877471754111439e-39 1.492852937194955e-25 -8.615100805083447e-24 0 0 0 0.002499999999969815 -5.451504048528629e-13 8.67361739304808e-21 
0.09999999999998037 5.377360015601531e-10 -5.55111512312578e-19 -1.133816799706904e-13 4.282839334408432e-14 -3.685045452713044e-23 1.445602896646533e-23 -1.141258198082233e-22 2.112154556276994e-23 0 0 0 0.002499999999999324 1.325479981849346e-11 0 
0.1000000000006012 2.930208159446236e-12 5.55111512312579e-19 4.191475222459214e-14 -1.164516966940265e-12 9.414586635979447e-25 1.175494350822288e-38 -2.740497967420897e-25 1.155007040465714e-23 0 0 0 0.002500000000021044 1.192893440277181e-14 0 
0.1000000000004613 -1.380264826045245e-10 0 -2.581286087652162e-14 -8.968873926179174e-13 7.101017947989257e-23 -1.445602896647481e-23 -9.639545948936431e-25 1.547819753644899e-23 0 0 0 0.002500000000016152 -3.336138873835641e-12 8.673617379884046e-21 
0.09999999999987944 -5.166636649761555e-10 2.775557438236325e-19 9.282752760905601e-14 2.331328527808131e-13 -7.104909290424335e-23 -4.995850990994718e-38 4.730614636294355e-25 9.184507429178116e-24 0 0 0 0.00249999999999578 -1.273609039412199e-11 8.673617075876141e-21 
0.09999999999945709 -3.147395538638533e-12 2.775557561562895e-19 -4.417243006556617e-14 1.046341247887829e-12 -1.938710341443874e-23 -5.877471754111439e-39 -8.173910383323295e-26 -5.495301415646369e-24 0 0 0 0.002499999999981002 -1.351186957460065e-14 0 
0.09999999999996007 9.003566121823553e-11 8.646510946538768e-27 -1.379993341821083e-14 8.3471613661897e-14 1.729920552060093e-23 -1.704466808692317e-37 4.216191614951374e-25 5.427477105309322e-24 0 0 0 0.00249999999999861 2.222245824856649e-12 2.134118036180025e-28 
0.1000000000001995 4.443368416262559e-11 2.121245866729574e-27 -1.36944980818294e-14 -4.066549859845488e-13 -8.958434668759904e-23 3.614007241618559e-24 -4.544403425729713e-25 -7.270726756798996e-24 0 0 0 0.002500000000006983 1.107970594611812e-12 -8.673617326989984e-21 
0.1000000000011266 -1.432834319942142e-10 -2.775557629965817e-19 -9.315570190231052e-14 -2.16530450586896e-12 7.132299867623579e-23 -3.173834747220177e-37 1.445588813505121e-23 -1.150071446695048e-23 0 0 0 0.002500000000039434 -3.370602950393589e-12 -1.609112031030474e-28 
0.09999999999983709 -1.211187790686724e-09 2.775558143140678e-19 2.4157620140399e-13 3.080575661334161e-13 -2.650325623251055e-23 -3.526483052466857e-38 3.488828663028034e-25 -3.287432244005072e-24 0 0 0 0.002499999999994316 -2.991042472293801e-11 -8.673615943670746e-21 
0.09999999999899446 3.53115106599409e-11 1.685757043265413e-27 -1.443920358279239e-13 1.934106534534842e-12 2.776514241402201e-23 2.233439266562347e-37 2.693727762882693e-23 1.228800935563996e-23 0 0 0 0.002499999999964807 1.069538338102632e-12 -8.673617328824724e-21 
0.100000000000043 -8.960401864932313e-11 -5.55111512312585e-19 2.363749011339798e-14 -5.720168564827485e-14 8.164713511859418e-23 -1.445602896647058e-23 -8.348557094330607e-23 3.481344847917961e-24 0 0 0 0.002500000000001506 -2.222423362962332e-12 8.673617379884141e-21 
0.1000000000000269 -1.543296740402773e-12 2.775557561562895e-19 -2.226762686278565e-14 2.362294443953165e-13 -2.775164385885693e-23 2.350988701644576e-38 -1.132359206230712e-24 -7.82733027731551e-24 0 0 0 0.002500000000000947 4.568285853767692e-14 0 
0.09999999988629754 -5.937770544348042e-09 -1.387778497314716e-18 1.342325213089369e-11 4.892370549155538e-10 -1.621802243461591e-22 -7.228014483236392e-24 4.264286147383105e-23 -7.411184760600642e-24 0 0 0 0.002499999996020421 -1.255150226375089e-10 5.992035726945941e-27 
0.09999987152487723 -2.163817103446878e-06 -2.775557561562887e-19 1.518432674366565e-08 4.237463958156774e-08 1.42936809849163e-23 8.228460455756024e-38 5.242702855579493e-25 9.117314489658391e-24 0 0 0 0.002499995504794595 7.206645282159367e-09 -8.673617379884022e-21 
0.1000474773250825 0.0007446112127469594 -1.110636366881551e-18 -8.320883192448327e-06 -0.0001432510896798478 -5.600494252808305e-23 -3.614007241618098e-24 8.615127609915385e-23 1.273354177003026e-23 0 0 0 0.002502446298909031 4.237301044733058e-05 -8.697139125794701e-21 
0.101776255174049 0.001437254385308753 -2.220446049250316e-18 -0.002064484417565231 -0.0001530955468902578 -8.673617379884046e-21 3.252606517456518e-23 2.457868571078177e-22 -1.487071658692399e-23 0 0 0 0.004935927759573601 4.45049781632716e-05 1.734723475976809e-20 
0.1117462716747289 0.001568279343221446 -2.220446049250316e-18 -0.0529544471364979 -0.0001530982502280515 -2.775557561562895e-19 -2.164790337729389e-21 -4.522251093993803e-20 6.24345235811159e-22 0 0 0 0.2329590649475429 4.450498829224066e-05 1.110223024625158e-18 
0.124071171799314 0.001774662054240677 -2.689850787263618e-18 -0.2859892467405867 -0.0001530983956336127 -7.39384132815397e-21 2.466198541679693e-20 4.570667995000355e-19 9.591193457843102e-21 0 0 0 2.809315051210326 4.450498792829525e-05 2.149355110426627e-21 
0.1030296085029419 -0.001005202683264767 -2.775557561562895e-18 -0.4672853963866505 -0.000153100923618727 0 -2.220446049250312e-20 -1.115412079284107e-18 3.789968520777876e-20 0 0 0 9.352318218746854 4.450498796160237e-05 3.552713678800505e-17 
0.07526829614173644 -0.0007377772404750408 -2.498001805406584e-18 -0.2271487184837326 -0.0001530921376152038 -1.110223024625148e-18 -2.368475785870764e-19 2.578757081480863e-19 -1.890942922108384e-20 0 0 0 17.92287232126197 4.450495714181084e-05 7.10542735760095e-17 
0.08948201919173378 -0.0006687017720211559 -2.188151296730425e-18 -0.1036384300544043 -0.0001530800392064271 -5.477185575025978e-19 -1.776356839400231e-19 -3.530361251288552e-19 -8.482151665838727e-20 0 0 0 21.54784111671262 4.450496031704863e-05 -2.149353776949711e-21 
0.09619080298719328 -0.0003790123821289218 -2.498001805406605e-18 -0.0421117768767864 -0.0001530519344308037 -5.55111512312579e-19 2.407412430484045e-35 -6.012785715892901e-19 -2.302652904819438e-20 0 0 0 23.70074862017235 4.450496080554718e-05 0 
0.09880251674955715 -0.0001864819158937546 -1.942890293094048e-18 -0.01387181390559343 -0.0001527791465072021 -6.245004513516581e-19 -2.293060340036053e-32 3.164679062431492e-19 4.229293511238555e-20 0 0 0 24.58406215766512 4.450496207120021e-05 0 
0.09967594961413881 5.535098911878038e-05 -1.942890293094026e-18 -0.00380452259775994 -0.000146214699042332 -6.245004513516512e-19 -5.296307347064899e-34 -4.711241564743925e-19 -6.096921399410958e-20 0 0 0 24.88653739418305 4.450511423837005e-05 0 
0.0999240280943009 0.0008510568486863266 0 -0.0008638994480473681 5.237213008591246e-05 -5.941427905220555e-19 -8.881784197017679e-20 -3.498749807777034e-19 -2.654529942528529e-19 0 0 0 24.97340183399304 4.45118144787316e-05 0 
0.09998613554120218 0.0001956922030076002 2.220446049250316e-18 -0.0001345428855851102 0.0007254046401727373 -1.171209396827468e-18 2.960594732333749e-19 2.349529906455737e-19 -5.890776392221343e-20 0 0 0 24.99514732249435 4.643445976615387e-05 -7.105427357601011e-17 
0.09999957486894882 6.799148963244522e-06 -5.547869237283244e-19 -4.662676676880012e-06 6.985531005526968e-05 -1.719331935803854e-19 -1.08333559371782e-33 -9.478072936960388e-19 3.229906381737659e-20 0 0 0 24.99985120575325 0.0005248440779981294 -7.102921773488164e-17 
0.1000000210194106 -4.213125058896642e-07 2.775557561562894e-18 2.467548006109165e-07 -5.03385535921376e-06 -2.924508305337563e-19 2.96059473233344e-20 -7.056581481648222e-19 1.540626918324524e-19 0 0 0 25.00000735676852 -0.0001507586763649348 7.105427357601009e-17 
0.09999999990437226 1.752438355019772e-08 8.46334873775897e-25 6.187858258479507e-09 2.317017590281633e-07 -1.50322202744849e-19 2.960594732344907e-20 9.428073124700646e-19 6.9140933909233e-19 0 0 0 24.99999996653068 5.954688586662792e-06 -7.105398599609772e-17 
