0.08141637082229561 -0.002493160824106413 -2.775557561562894e-19 0.1199940261739102 0.6650555747454763 -5.551115123125788e-18 -1.657933050106617e-18 2.113514033322959e-18 -8.708084785657497e-19 0 0 0 187.5988701222466 -7.015360506891563 0 
0.07977290148028622 -0.006919789820612456 5.663342816557772e-20 0.3533611999908826 0.6383919599907489 -1.750827289770118e-17 6.631732200426026e-18 2.407662009563268e-17 1.401153050511855e-18 0 0 0 183.0496497759308 -19.5210548517564 -1.941048587956705e-16 
0.07668007337079114 -0.0110936878544816 0 0.5739249560791998 0.5753415709830524 -1.998401444325284e-17 7.105427357613717e-19 -3.456049555500712e-17 8.388818896336337e-18 0 0 0 174.5222584919547 -29.85240466024037 0 
0.07281202353132778 -0.01217898746581674 0 0.7577778803118211 0.4599206516455109 0 -1.226432188585794e-30 1.546627808546172e-17 1.091896479549978e-17 0 0 0 164.1079117288015 -32.07613136084935 0 
0.06894514740314363 -0.01156469736614971 2.775557561562894e-19 0.8935179919008767 0.3276197615231444 -3.108624468950442e-17 -7.105427357604411e-19 -1.935613240961659e-18 9.359249283830028e-18 0 0 0 154.0536216596791 -29.60659577990279 0 
0.06532406754335328 -0.01085709670393207 2.775557561562925e-19 0.9896201124536779 0.2248353067728323 -3.996802888650612e-17 -1.539509260813797e-18 1.019530163844196e-17 9.274315714638929e-18 0 0 0 144.928228400024 -26.34885117434534 0 
0.06222709605004502 -0.008300065253072413 -1.110223024625158e-18 1.049298600669514 0.1327736239424546 4.440892098500631e-18 9.947598300641572e-18 4.346239998453719e-17 9.41812901857828e-18 0 0 0 137.6313093985832 -18.8921820677743 -2.273736754432323e-15 
0.0595817012270457 -0.007687642446770278 -1.298329638009665e-18 1.088240737124592 0.1263854071733236 -6.033587527879324e-18 1.515824502954926e-17 7.471715210833856e-18 9.224521074321351e-18 0 0 0 131.6191613909517 -18.9014439040667 -3.076692136755471e-15 
0.05789710805563498 -0.003370084570167338 -4.403129847422041e-19 1.126783866471963 0.1058700061129141 5.112960350563668e-18 1.598721155463763e-17 -1.537273220351794e-17 9.279958010977792e-18 0 0 0 126.8894821800517 -10.1381715814247 7.881421760561049e-17 
0.05714448601797437 0.002816429269501186 1.344551787558225e-19 1.160547615617786 0.167001497403428 2.129525932076096e-17 1.184237892933403e-17 8.861889230709727e-18 8.5116027647401e-18 0 0 0 123.8069916718155 3.670393778917853 1.88052566018445e-15 
0.05712667870065518 0.002880825769661097 0 1.184593347646769 0.182854922565228 0 2.102022259956695e-17 2.310637420876339e-17 7.379930666136982e-18 0 0 0 122.6469782617561 5.7414823387985 -5.684341886080808e-16 
0.05759042424476839 0.002742193435682783 2.775557561562895e-19 1.201551781717517 0.2316039799491877 1.776356839400253e-17 2.192059829371024e-17 -3.106226115463277e-17 7.18244782582401e-18 0 0 0 122.0616199053964 4.590235493530966 -5.684341886080809e-16 
0.0612558377285319 0.009583743856955389 0 1.281831704325878 0.3471304272673073 3.996802888650568e-17 6.285387430434848e-18 -4.158078862924343e-17 6.684263147716492e-18 0 0 0 121.1624148984688 9.046192566172403 0 
0.07485227248968233 0.03284681522931718 0 1.575885630571416 0.7823895460329056 5.329070518200757e-17 -1.365343023825016e-18 1.004572487406175e-17 8.820714148643491e-18 0 0 0 123.6276737862569 11.81329141350998 0 
0.1135160800699965 0.09931446535326099 -5.551115123125773e-19 2.313516670426309 1.981980430898544 4.440892098500619e-17 -2.625926819756875e-18 -3.851369801335397e-17 1.410167836613502e-17 0 0 0 133.0721381605182 31.87429125339646 -5.684341886080792e-16 
0.1766428513568047 0.1770234551180905 0 3.489584825917735 0.614224613159045 3.552713678800505e-17 -1.566333145362563e-17 -2.024520412403138e-17 1.531878465465154e-17 0 0 0 140.3132633923907 33.9202555867781 0 
0.2477329963415231 0.1290794208639933 0 4.37967788419318 0.3101395615171075 7.105427357601088e-17 -1.118671127953182e-17 6.048160709020291e-17 1.427127463161272e-17 0 0 0 125.7338380455383 -67.79354052898857 -5.684341886080871e-16 
0.2454009232936788 -0.2326825062904957 0 3.131273712652855 0.2788431398439192 7.993605777301135e-17 3.435403003737466e-18 -4.415569380957394e-18 7.978133746479503e-18 0 0 0 66.85454539987556 -192.0905924805181 0 
0.1664339328347129 -0.2813763784733893 5.551115123125789e-19 0.9780253636217454 0.2239542991496784 8.437694987151198e-17 5.447031714566961e-19 -5.973964836451111e-20 1.703693364277923e-18 0 0 0 15.26027365998003 -13.93634557325513 -7.105427357601009e-17 
0.1157913836311056 -0.03667462452881261 0 0.1247728937765075 -0.03707414815951922 1.110223024625148e-18 8.843114319513237e-20 -5.119189978839509e-19 1.051276141265784e-19 0 0 0 1.076112157224607 -0.09499306192349594 4.440892098500593e-18 
0.1017994110528493 -0.001396953615360764 0 0.003821957100417094 -0.0002290009278872581 0 -4.228388472693465e-22 6.215377369062346e-21 8.887970410624895e-22 0 0 0 0.0111532859717318 -7.336020898366982e-05 0 
0.1000563484605965 -0.0008385523953654799 3.180533938422755e-19 1.322254795405087e-05 -0.0002279675379351252 1.097574289460663e-20 -2.891205793295674e-23 -1.116134767036648e-22 1.316395112526624e-23 0 0 0 0.002504230676637939 -7.326786572684324e-05 -1.380878504973186e-20 
0.09999988442744707 1.88556088485948e-06 0 -1.365218621857538e-08 4.903964624551637e-08 9.674704444420223e-23 1.175494350822288e-38 1.043516899312905e-22 -2.264154928596088e-23 0 0 0 0.002499995956467608 -3.142164140099344e-08 0 
0.09999999986697487 4.825793150503643e-09 5.551117453728189e-19 -1.596789272704615e-11 2.729067018445127e-10 2.296586179280853e-24 -1.807003620808503e-23 -2.459900886561718e-22 -1.799276309388563e-23 0 0 0 0.002499999995344141 2.374718260575481e-11 1.146863097101586e-27 
0.09999999999757483 -4.615499822613346e-10 -2.77555756156289e-19 4.890156303028834e-13 4.561447187798061e-12 5.042510785581727e-23 1.181371822576399e-36 -7.068133908463434e-24 -1.286280632327346e-23 0 0 0 0.002499999999915147 -1.163901874184917e-11 0 
0.09999999999860924 9.880216870344871e-10 -2.413233736704288e-26 -6.046589365761916e-13 2.484552328598732e-12 7.796334692616924e-24 -3.614007241625812e-24 -2.010635444846801e-23 3.527174560055602e-24 0 0 0 0.002499999999951348 2.404903939835424e-11 -5.873955397237477e-28 
0.1000000000013093 1.481379255374718e-10 5.55111512312579e-19 3.043885023662464e-13 -2.235721324200691e-12 -4.970042160565141e-23 -4.698209414105576e-23 -2.082113730034478e-22 1.694678701733688e-23 0 0 0 0.002500000000045831 3.073721290512682e-12 0 
0.1000000000000807 4.302166262126783e-10 -1.110223014355971e-18 -1.667782025909182e-13 -2.813954372283524e-13 -5.770451297972062e-23 4.698209414100509e-23 -1.94469336381369e-22 -2.84655672334846e-24 0 0 0 0.002500000000002815 1.032956001550267e-11 2.465644803143559e-28 
0.1000000000017654 8.288291927782654e-11 1.665334536937755e-18 -2.113205027648924e-14 -3.107008564459326e-12 1.724289511010757e-22 4.336808689943396e-23 1.454643594865854e-22 1.895474024320582e-23 0 0 0 0.002500000000061786 1.980341346637096e-12 0 
0.1000000000001829 -3.431673781945115e-10 -2.775557646333682e-19 1.971447070408053e-13 -3.615078338328663e-13 -3.735043466375102e-23 1.445602896643817e-23 1.285907682295951e-22 -1.476639833000107e-23 0 0 0 0.002500000000006425 -8.332675098966162e-12 -8.673617585721623e-21 
0.09999999999911661 -5.47973125208936e-12 2.775557561562895e-19 -7.882924405825757e-14 1.572207248691293e-12 -1.453742375752605e-22 -1.175494350822288e-38 6.044344840121803e-25 -2.73189663271491e-23 0 0 0 0.002499999999969099 -2.425360259850084e-14 -8.673617379884046e-21 
0.09999999999925947 4.693615288098282e-11 0 6.288497176694794e-14 1.333028050544662e-12 -3.745208150530784e-23 1.084202172485142e-23 -9.563879491317964e-23 -2.517695018139541e-23 0 0 0 0.002499999999974098 1.024470764297841e-12 -8.673617379884046e-21 
0.1000000000000947 3.252784326612801e-10 4.440892098500612e-18 -1.555779283180324e-13 -1.637338732881119e-13 2.834892756216092e-23 1.807003620807723e-23 -2.48017456734928e-22 8.144814145600792e-24 0 0 0 0.002500000000003313 7.848929839404663e-12 -8.673617379884009e-21 
0.1000000000006922 6.370164812308259e-12 0 8.920043939597541e-14 -1.248613733168351e-12 -1.485854582059825e-22 1.445602896647339e-23 -5.308972470752089e-23 1.338911253919796e-23 0 0 0 0.002500000000024249 2.969629750437809e-14 0 
0.100000000000647 1.529909011976914e-11 5.551115126862577e-19 -8.413539240305561e-14 -1.171281267456228e-12 5.488593444634449e-24 -2.529805069132762e-23 1.360021443515133e-22 6.587081871482765e-24 0 0 0 0.002500000000022659 4.74593237972942e-13 1.159189548283727e-29 
0.1000000000000923 -2.84327422717113e-10 -5.551115121547446e-19 1.457542868806806e-13 -1.801145371671818e-13 -1.020240992036534e-22 3.614007241635519e-24 -5.09828620482381e-23 -5.692732857306516e-24 0 0 0 0.002500000000003253 -6.871373858362997e-12 8.673617383698409e-21 
0.09999999999972227 -2.897387191280741e-11 2.775557554486054e-19 -1.046677066777626e-13 4.837272230120627e-13 1.409884417560363e-22 1.763241526233432e-38 -2.462376821130558e-24 -1.459813559965011e-23 0 0 0 0.002499999999990291 -5.393092656486016e-13 -1.317257841056879e-29 
0.0999999999999549 -1.639334501479784e-10 -2.775557561562893e-19 7.861468513206471e-14 1.099470432669928e-13 3.08565606271615e-24 -2.644862289350148e-38 -2.844770315515367e-26 8.037941365065765e-24 0 0 0 0.002499999999998448 -3.948935362735304e-12 -8.67361737988404e-21 
0.09999999999958108 -2.664101578231392e-12 -2.775557561562895e-19 -3.687999674169731e-14 7.44982752334462e-13 -1.05153129084624e-23 2.938735877055719e-38 8.102375016062316e-25 -1.351266885182822e-23 0 0 0 0.002499999999985344 -1.269600743980531e-14 0 
0.09999999999981354 2.191250653149622e-11 0 1.098639674605709e-14 3.356152562881441e-13 1.255597047099128e-22 4.231779662960236e-37 -1.204259105245499e-23 -3.323007465734636e-23 0 0 0 0.002499999999993494 4.932360943288302e-13 -8.673617379884045e-21 
0.1000000000002085 8.037338156130519e-11 2.220446049250311e-18 -5.494285258239745e-14 -3.615194959425288e-13 3.842211076713954e-22 -6.505213034912235e-23 1.330410090207489e-22 -1.499418107665526e-24 0 0 0 0.002500000000007328 1.967962468332755e-12 -8.673617379884027e-21 
0.1000000000000707 -6.85691520924126e-11 2.498001804588238e-18 7.039748737651531e-14 -1.295275930460717e-13 -3.612720544582289e-22 1.445602896648023e-23 -1.725804151308285e-22 1.628262537546735e-24 0 0 0 0.002500000000002483 -1.705520490460911e-12 -2.035521226290672e-29 
0.09999999999990528 4.871398423533788e-11 -1.665334536342816e-18 -5.204457536229954e-14 1.578267588147986e-13 2.245110117741557e-23 2.529805069133193e-23 7.713586059836813e-23 -7.829959118745633e-24 0 0 0 0.002499999999996707 1.210555093666965e-12 -8.673617365100179e-21 
0.1000000000000793 -2.884641310541007e-11 -2.775557561562893e-18 3.270751007996474e-14 -1.321089896668911e-13 1.712984040562161e-22 -3.252606517456607e-23 -8.554311308768231e-23 1.715299592064322e-22 0 0 0 0.002500000000002773 -7.260305637940567e-13 -8.673617379884042e-21 
0.09999999999994118 1.472749873443479e-11 2.775557561652821e-18 -1.736735940246005e-14 9.670137658959165e-14 1.21461601328317e-22 0 1.092635849586221e-22 1.637228688003715e-22 0 0 0 0.00249999999999796 3.849161657812348e-13 8.673617382234423e-21 
0.1000000000000367 -4.500089537118332e-12 -2.775557561288105e-19 6.75931602356371e-15 -6.233775791080671e-14 -2.242477530863215e-23 1.445602896647232e-23 1.313125197226715e-22 1.685932202583755e-22 0 0 0 0.002500000000001299 -1.207137146318204e-13 -8.673617379146928e-21 
0.1000000000000041 -2.273355115267605e-13 -2.775557561562895e-19 -3.20329017940619e-15 -1.079462480142149e-14 9.811379807464904e-23 1.88079096131566e-37 -1.294401783702173e-23 1.793314415560498e-22 0 0 0 0.002500000000000176 -1.043544591017298e-15 0 
0.100000000000004 -7.737517224160053e-12 -5.551115123362019e-19 3.289066241585235e-15 -6.820307426969459e-15 1.491464689102781e-23 1.445602896647481e-23 -1.051538546303315e-22 1.089909571895348e-22 0 0 0 0.002500000000000151 -1.775435267553638e-13 -5.42060506011633e-31 
0.09999999999998116 -1.589657225298246e-12 -3.529748105575707e-30 -7.129498380553958e-16 3.311343602546082e-14 8.009675182966476e-23 -2.938735877055719e-38 -4.6510894640474e-24 1.47081133291905e-23 0 0 0 0.002499999999999339 -4.487512791917502e-14 8.673617379784396e-21 
0.09999999999999566 6.990068246448545e-13 5.551115123125785e-19 -9.251328869641581e-16 7.526314008782786e-15 -6.139455868674536e-23 -3.614007241618411e-24 -4.495236278299687e-23 7.589042545235788e-24 0 0 0 0.002499999999999858 2.193883096024419e-14 -8.673617379884039e-21 
0.1000000000000142 -1.170070984546356e-13 0 -1.180610470496999e-15 -2.534592177858164e-14 8.745148880933045e-23 1.763241526233431e-38 6.371225881850406e-25 2.029444768331205e-23 0 0 0 0.002500000000000517 -3.903127820947815e-16 8.673617379884039e-21 
0.09999999999999332 -5.84098741596151e-12 0 3.524346786631897e-15 1.094884582218341e-14 -4.929545665718088e-23 -7.346839692639298e-39 -2.271458045283135e-24 -1.838303842876746e-24 0 0 0 0.002499999999999782 -1.326548463090328e-13 8.673617379884037e-21 
0.09999999999998671 2.415689176471504e-12 -2.775557561555517e-18 -2.810465980311091e-15 2.116495561501346e-14 -5.775528963770005e-23 5.059610138265698e-23 3.363300171838007e-23 1.689595946295444e-22 0 0 0 0.002499999999999558 6.580836136443896e-14 8.67361738008496e-21 
0.1000000000000287 -1.641048408274058e-13 5.551115123125784e-19 -1.884487010883616e-15 -5.100645084789999e-14 -5.920570156042015e-23 3.761581922631319e-37 -2.270185069264795e-24 1.565667429804904e-22 0 0 0 0.002500000000001029 -7.074419175467909e-16 8.673617379884037e-21 
0.09999999999999985 -1.024553705764039e-11 0 5.115794824798542e-15 2.478263223079375e-15 2.909019409083292e-25 -9.403954806578302e-38 6.022687929069675e-25 1.403373055649524e-22 0 0 0 0.00250000000000001 -2.435497550162806e-13 -8.673617379884046e-21 
0.09999999999990784 4.110427276327057e-13 0 5.0946985056625e-15 1.691786790570405e-13 8.241817256363047e-23 9.403954806578302e-38 1.412539575946346e-23 1.36747848740351e-22 0 0 0 0.002499999999996793 2.439454888092392e-15 8.673617379884033e-21 
0.09999999999981252 3.14976343618323e-11 -4.440892098500625e-18 5.634903192208084e-15 3.201183183814156e-13 -9.569590003598732e-23 7.317452333868741e-37 2.93002141546318e-22 9.561288496894074e-24 0 0 0 0.002499999999993438 7.384582311961711e-13 -8.673617379884033e-21 
0.1000000000002794 8.017466898713214e-11 5.551115123125786e-19 -5.773482987990809e-14 -4.802526548945387e-13 2.188538182603718e-22 -1.084202172484488e-23 3.397333675996403e-23 3.982635033032607e-24 0 0 0 0.002500000000009805 1.967249605404348e-12 -8.67361737988404e-21 
0.09999999999995268 -8.813713647803964e-11 2.775557550799182e-19 9.416488352953001e-14 7.646435413515182e-14 -1.580101530659814e-22 -3.467708334925747e-37 6.732168706195715e-24 -6.874989843663939e-24 0 0 0 0.002499999999998365 -2.199415237609536e-12 8.673617353023771e-21 
0.0999999999998339 9.888886584596956e-11 0 -8.088287215914498e-14 2.696340379455063e-13 -1.832884764604445e-23 -3.614007241614193e-24 2.339406541569018e-23 5.492917439707323e-25 0 0 0 0.002499999999994211 2.449478337177011e-12 0 
0.1000000000004887 -2.083576366995742e-11 0 7.923359422283679e-15 -8.526695300363892e-13 -2.196056988809691e-24 -1.084202172485404e-23 -9.57362528512357e-23 6.589772278355276e-24 0 0 0 0.002500000000017126 -4.898127259692072e-13 -8.673617379884045e-21 
0.1000000000000422 -1.12569632435e-10 1.374751375832205e-27 4.187155946041963e-14 -1.099681357424093e-13 -4.965216494690063e-23 -2.168404344970829e-23 -5.73359161716312e-23 -2.696213059786584e-23 0 0 0 0.002500000000001514 -2.710115118431666e-12 -8.673617346786874e-21 
0.1000000000002571 -4.699552379194858e-11 2.775557572780629e-19 -6.584073957333677e-14 -4.489232632699243e-13 -1.255305941144815e-22 3.614007241617187e-24 1.412452424894887e-22 -1.23762972894973e-23 0 0 0 0.002500000000009002 -1.006191115669746e-12 8.67361740390162e-21 
0.09999999999990919 -2.241988279055873e-10 5.35158006794724e-27 1.044901274301272e-13 1.756640731213326e-13 1.568235909239232e-22 -1.175494350822286e-37 1.665355950121338e-24 -1.129075311329745e-23 0 0 0 0.002499999999996823 -5.422799796012151e-12 -8.67361725044289e-21 
0.09999999999939496 -3.252866725977923e-12 -2.775557561562895e-19 -4.746147595306261e-14 1.097660802502574e-12 8.095771246550367e-23 1.445602896647337e-23 5.722820082093132e-23 -1.487842104109381e-23 0 0 0 0.002499999999978848 -1.458251921993009e-14 8.673617379884046e-21 
0.0999999999992585 4.701603689705155e-11 8.881784197001263e-18 6.273567845775103e-14 1.32230818158168e-12 3.746992808858239e-22 -6.505213034913008e-23 1.407524102524037e-24 -7.706337783815837e-24 0 0 0 0.002499999999974061 1.025400467660748e-12 -8.673617379884046e-21 
0.1000000000000935 3.252699325162487e-10 1.665334536937734e-18 -1.555537774977999e-13 -1.656280676981086e-13 -4.797513893264488e-22 2.529805069133816e-23 5.801238607858649e-23 -5.759143963228837e-24 0 0 0 0.002500000000003308 7.848927128899251e-12 -8.673617379884031e-21 
0.1000000000007386 5.920784695856465e-12 0 8.402365007468627e-14 -1.340460449458997e-12 -8.318328522150761e-23 -1.445602896647337e-23 5.392790341844695e-23 -5.210252574176828e-24 0 0 0 0.00250000000002587 2.702916016006374e-14 0 
0.1000000000008794 -7.099182353087514e-12 5.55111512312579e-19 -9.971082131262247e-14 -1.577639575883941e-12 5.489462158379566e-25 1.46936793852786e-38 4.622952830062814e-24 3.626141906975891e-24 0 0 0 0.002500000000030797 -3.304648221735831e-14 8.673617379884046e-21 
0.1000000000000504 -3.853682564031162e-10 -2.775557468506658e-19 1.915975174811892e-13 -3.734820194578903e-14 1.716078237836806e-22 7.228014483216842e-24 2.458981510769274e-23 1.52875219271827e-24 0 0 0 0.002500000000001765 -9.317396301115152e-12 2.249904368914523e-28 
0.09999999999800326 -1.815114898662246e-11 2.775557565945947e-19 3.64138487880787e-14 3.500462644151258e-12 1.326370685574997e-22 3.526483052466863e-38 -3.19754123797734e-24 2.660723149837448e-24 0 0 0 0.002499999999930109 -4.772630858226836e-13 -8.673617368359503e-21 
0.09999999999995539 4.864424835160376e-10 5.55111512312578e-19 -2.538230477651535e-13 1.040761418746213e-13 -1.1069409515109e-22 4.698209414097627e-23 -1.337048473607605e-22 1.678346053338312e-23 0 0 0 0.002499999999998467 1.176223289774128e-11 0 
0.1000000000013896 6.610163805209651e-12 0 9.463433532178948e-14 -2.48263841775317e-12 1.769652047335532e-24 -4.701977403289151e-38 -3.102976380739794e-24 2.442107756483482e-23 0 0 0 0.002500000000048647 2.911353883666713e-14 0 
0.1000000000010658 -1.300986228469629e-10 2.775557561562895e-19 -5.858935142583931e-14 -1.919538942391908e-12 1.149906602763852e-22 -1.445602896647986e-23 8.220859760093185e-23 1.48638818547172e-23 0 0 0 0.002500000000037314 -2.98684688093685e-12 -8.673617379884046e-21 
0.09999999999972141 -4.691777782256357e-10 -2.775557673554656e-19 2.07931002045886e-13 4.965921722273001e-13 -1.175141107076472e-22 -4.819526838371375e-37 2.157768514717383e-24 7.383944264040318e-24 0 0 0 0.002499999999990247 -1.131284736027855e-11 8.673617109848661e-21 
0.09999999999874369 -7.336145579905948e-12 0 -9.9273191750404e-14 2.218069538219696e-12 -9.08860916559005e-23 -1.763241526233432e-38 -7.541232335415449e-25 -5.877650690619426e-24 0 0 0 0.00249999999995604 -3.56024888389929e-14 0 
0.09999999999990832 8.163456889642741e-11 -5.551115044728609e-19 -3.040005423318627e-14 1.942197527966971e-13 2.915178955246573e-23 -3.614007241619835e-24 -8.352631413856293e-23 -1.967505734191872e-24 0 0 0 0.002499999999996813 1.970752933674194e-12 -8.673617190624182e-21 
0.1000000000004572 3.916741063425523e-11 -5.551115104427429e-19 -2.993010353449442e-14 -9.166233875899332e-13 -2.761052077371008e-23 -3.614007241616822e-24 4.051418886385362e-23 -2.193477196426977e-23 0 0 0 0.002500000000016006 9.741393889456332e-13 4.650501508847413e-29 
0.1000000000026072 -1.41858443394873e-10 5.55111505540315e-19 -2.097526855904151e-13 -4.574657453704336e-12 6.370031434558367e-23 3.61400724161513e-24 7.164304407050654e-23 -2.471369898387941e-23 0 0 0 0.002500000000091267 -3.05623310947055e-12 -1.459033157705056e-28 
0.09999999999962184 -1.097686047959996e-09 -2.775557034485361e-19 5.417374733987255e-13 6.491369406755588e-13 -3.741039518598767e-23 -1.086413919549034e-36 2.934778739201616e-24 -4.88087462496441e-25 0 0 0 0.002499999999986792 -2.655868689034576e-11 -8.67361610461163e-21 
0.09999999999696035 1.39359010442596e-11 6.652942029540962e-28 -2.403872850774675e-13 4.449583694535824e-12 7.534471077345334e-23 -3.61400724161663e-24 1.064667195478884e-22 3.421173780595354e-24 0 0 0 0.002499999999893618 8.673861325372798e-13 8.673617421292705e-21 
0.1000000000926413 5.830223023112067e-10 0 -1.093589674765471e-11 -1.181958048722392e-10 2.392370475156189e-22 -1.084202172484454e-23 -7.3659525126772e-23 2.693889601465903e-23 0 0 0 0.002500000003242452 5.811943401589016e-11 8.673617379884141e-21 
0.09999999806377825 -2.703177091889508e-07 0 2.18417666302445e-10 -1.393153920554619e-09 -2.391056033464027e-22 2.644862289350147e-38 8.629226291447103e-27 -7.822474590710771e-24 0 0 0 0.002499999932292775 4.650439283876795e-09 8.673617379884046e-21 
0.1000128261014706 0.0002219965161006578 -2.78615558423604e-18 -1.845752055699602e-06 -3.243001940139884e-05 1.141620017142299e-21 4.336808689942595e-23 -8.636727025559289e-23 -1.336799330060725e-23 0 0 0 0.002500531413866727 9.735844534950139e-06 -9.138402606859569e-21 
0.1013847984214005 0.0003792032240699124 -2.775557561562887e-18 -0.0010002165150744 -9.962030389145219e-05 4.336808689942011e-21 2.168404344961977e-23 -2.763324894124763e-22 1.553221161569022e-23 0 0 0 0.003268074892897061 8.171285052094205e-05 0 
0.1118520692452713 0.0003826343182307851 -1.665546941652792e-18 -0.03307050866908502 -9.963239324017011e-05 1.388331851666316e-19 -5.131890283099081e-22 -3.35447240051631e-21 3.673959399963879e-22 0 0 0 0.09806406977078617 8.171306635348616e-05 -4.535986383918181e-23 
0.1387728095160887 0.0003833543387039335 -1.665334536937737e-18 -0.2360792173144023 -9.963258611970407e-05 1.110223024625158e-18 2.286582381771928e-20 6.00019330860695e-20 3.293453350911283e-21 0 0 0 1.444243990078139 8.171306670051759e-05 -4.440892098500632e-18 
0.1511615337277565 0.0004039106339593784 -2.220446049250316e-18 -0.5726335400913388 -9.963307252038075e-05 0 2.182607393430569e-19 1.056211438679484e-18 1.220916152488891e-21 0 0 0 5.822647394051327 8.171306674631429e-05 -1.776356839400253e-17 
0.1194585962649571 0.0003998426523847752 -2.201135767677958e-18 -0.6519923861935822 -9.992942719798338e-05 2.215619987385609e-18 3.188710869424421e-19 -6.011531728545802e-19 -2.564195323036816e-20 0 0 0 10.63364102753084 8.171306559723268e-05 -3.552319047988757e-17 
0.07681368433969951 0.0003867798842884716 -2.498001805406605e-18 -0.4687137608340521 -9.990623754709036e-05 -2.220446049250316e-18 4.44089209850064e-20 2.70665377876603e-19 9.82648013042754e-21 0 0 0 12.69045724682875 8.171322467553955e-05 0 
0.06299177873175134 0.00076965698375202 -2.775557561562871e-18 -0.3126145962374512 -9.947870475597547e-05 -3.330669073875445e-18 4.440892098510518e-20 1.843059517387149e-19 -3.343407345165214e-20 0 0 0 14.4250883203902 8.171321642658181e-05 -7.10542735760095e-17 
0.07397770855255641 0.00106997838237273 -2.549676092070925e-18 -0.2381673795206605 -9.912652011168035e-05 -5.546327837419205e-18 -4.440892098495499e-20 6.932769272012549e-19 -5.802291730917707e-20 0 0 0 16.96894969149534 8.171321934091713e-05 -7.105821989155259e-17 
0.08332005481130743 0.001926283680399199 -2.220446049250316e-18 -0.1673325166127426 -9.907942457717782e-05 -4.440892098500632e-18 2.960594732333765e-20 -8.398136299645702e-19 -6.1566716551607e-20 0 0 0 19.61899043359455 8.171321972394486e-05 7.105427357601011e-17 
0.09015136381278042 0.006751867999843958 -2.775557561562925e-18 -0.105535642536701 -9.904511855816865e-05 -4.996003610813265e-18 1.480297366167321e-19 -6.073996988639984e-19 2.847680244322951e-19 0 0 0 21.71438306744417 8.171321614902448e-05 0 
0.09466140516504067 0.007043975619165244 -2.220446049250315e-18 -0.05976149121253095 -9.898676780542802e-05 -4.99600361081321e-18 8.881784196998187e-20 -2.874350651301688e-18 -5.012131777772511e-20 0 0 0 23.17906541309461 8.171321983496873e-05 0 
0.09736241929686112 0.005038332348476962 -3.053113317719175e-18 -0.03036431757203142 -9.880285950860965e-05 -5.134781488891341e-18 2.664535259091474e-19 -1.073502298260209e-18 -3.966742215968242e-20 0 0 0 24.08744177165724 8.171328085282436e-05 0 
0.09881694363917888 0.005331090961306216 -1.942890293094026e-18 -0.01385560890225972 -9.783713215670887e-05 -5.342948306008572e-18 5.62512999143412e-19 2.143569790147651e-18 -4.637938968666776e-20 0 0 0 24.5874496899893 8.171331216111389e-05 7.105427357601011e-17 
0.09951869050474435 0.005218511430673064 -8.61093428207237e-19 -0.005694817949221728 -8.995312767057353e-05 -5.347242631448079e-18 1.18423789293322e-19 -6.128378884429565e-19 1.347582310194994e-19 0 0 0 24.83123741429153 8.171358375497162e-05 7.105817454900081e-17 
0.09981717620054187 0.002174088105136448 0 -0.002077332435174898 -1.521423133671173e-05 -5.299580219109152e-18 5.921189464666003e-20 -7.719748057934043e-20 3.469873727192692e-19 0 0 0 24.93592888947804 8.171716554539065e-05 7.105427357601009e-17 
0.09992614351279711 0.0007287654876672856 3.127512678985487e-19 -0.0005070070334911012 0.0002596434948575784 -4.853359945015619e-18 2.960594732607373e-20 2.298437919618765e-18 1.571167117880907e-18 0 0 0 24.97414297406133 8.187714897190414e-05 7.105822780848106e-17 
