0.0990463785591951 -0.001372813026421718 0 0.01964915253541012 0.0790090144323254 0 -1.657933050106837e-18 2.762566440455833e-18 -6.726565888482523e-19 0 0 0 246.6731604538766 -4.947700398468257 0 
0.09811256242556211 -0.004160844803794143 4.785025142395823e-19 0.06581700656773566 0.1323036135202918 -2.226227189408786e-18 5.447494307494407e-18 2.88843994946343e-18 -6.468399979960676e-19 0 0 0 243.4455027198028 -14.5034858905274 7.00441522825049e-16 
0.09601750450878938 -0.007963567878293363 0 0.1428796303029987 0.2431107886524612 -8.326672684688683e-18 4.736951571734736e-19 -1.509220272225292e-18 1.3944999552123e-18 0 0 0 236.2667404935639 -25.75279892288542 0 
0.09280005795158236 -0.01351364093575213 0 0.2571374881744614 0.3480181062380092 -1.443289932012701e-17 1.263410043518028e-31 -5.130968023945146e-19 3.020693396793104e-18 0 0 0 225.3422948269303 -36.02070063968684 0 
0.08806143061928877 -0.02133789161995129 -2.775557561562894e-19 0.4171420977179602 0.4769813287909091 6.661338147750947e-18 -9.473903143468856e-19 -7.087352612375471e-18 4.334374619325553e-18 0 0 0 209.7569375428288 -51.90673479106011 -5.684341886080808e-16 
0.08139247954654327 -0.02228725570910797 2.775557561562925e-19 0.61868582629581 0.562270474655908 0 7.105427357602285e-19 5.61033256911131e-18 4.913911680061355e-18 0 0 0 189.3050029616582 -62.51605977225633 -5.684341886080871e-16 
0.07385648182898337 -0.01154249387731614 0 0.8186957861684137 0.6572734938370252 -4.440892098500631e-18 4.73695157173385e-19 -1.653784328430164e-18 5.905335979272147e-18 0 0 0 168.1399618805138 -60.3800319035585 -5.684341886080808e-16 
0.06727689403382536 -0.02054453425535793 -4.069911374800058e-19 0.9742612473327387 0.06595567492885394 1.292195215340277e-18 4.973799150320555e-18 5.428931875753259e-19 9.222464402701782e-18 0 0 0 147.9474121738723 -50.03008236474299 -2.727492074767806e-15 
0.06361849831600297 -0.01452366742322513 1.312510845449321e-19 1.074778096004564 -0.05092189103057593 -1.134104172776371e-17 9.000207986320224e-18 4.680733404770574e-17 9.529248811675194e-18 0 0 0 135.9457277126633 -48.06257841467016 -4.594904635710907e-15 
0.06301092089354571 -0.006465695225762192 1.079109141257891e-18 1.160611266264395 -0.1202423611405767 -2.794478152106631e-17 1.373715955802743e-17 -4.778781012193481e-17 6.972277369296235e-18 0 0 0 133.2900459223929 -32.27735605344751 -2.109341934784231e-15 
0.0585931845302809 -0.01580759056735001 2.775557561562894e-18 1.190422503109639 0.3107870447826793 -3.108624468950442e-17 -3.730349362741569e-18 -2.387059755906113e-17 4.02134941682858e-18 0 0 0 122.3717348334448 -27.14556803313663 0 
0.06739676164895249 0.03903060100455901 1.942890293094026e-18 1.448740277734085 0.7665665417817703 -3.108624468950442e-17 -6.264263558107068e-18 -1.124758631417235e-17 1.806753486245531e-18 0 0 0 123.2688236375951 71.35583683534236 0 
0.1114615975237685 0.1341501068199391 5.551115123125789e-19 2.231467765249544 0.7038380299941802 0 -1.57414373781288e-17 -4.207937156120693e-17 3.112268340219196e-18 0 0 0 125.9532374300998 114.2535011071999 0 
0.1711801424718421 0.08717615636580862 4.440892098500631e-18 2.967230882536266 -0.5507506220257942 0 -2.362901541097377e-17 2.680005563453695e-17 6.632947196792552e-18 0 0 0 109.857692138622 -68.49664623990627 0 
0.1922922423886871 -0.1109320352091537 3.885780586188042e-18 2.477256175312973 -0.8880455644057348 0 -1.103401585957559e-17 4.721190899979058e-17 5.544989993066489e-18 0 0 0 64.58909347066404 -166.8925910402411 -7.10542735760099e-16 
0.1582611319431428 -0.233934374591911 2.220446049250315e-18 0.9768651895429047 -2.366232567065227 4.440892098500631e-18 -4.902834504126049e-19 1.234170811293111e-17 1.429873463288851e-18 0 0 0 16.66156187019444 -16.30829675101798 0 
0.1154190152878927 -0.03761240484681969 0 0.1331379515429807 -0.04147515318573426 3.33066907387551e-18 8.852872139069123e-20 -1.054404463926615e-18 8.835901833711425e-20 0 0 0 1.18920097611258 -0.1104210346051143 -4.44089209850068e-18 
0.1021101027850053 -0.0031231137066347 0 0.00526936099848116 -0.0005083511458606908 1.734723475976809e-20 -1.66244333114437e-21 2.458821768229982e-20 1.00103742533416e-21 0 0 0 0.01585805672102588 -0.0001886344951497881 0 
0.1000928774503865 -0.000830940125720086 0 2.935351619090785e-05 -0.0004980409537027593 4.336808689942022e-21 -1.807003620809324e-23 5.600155083831596e-23 -8.700797776430258e-24 0 0 0 0.00251090767205461 -0.0001882401411903704 8.673617379884045e-21 
0.09999973549729094 4.459656881630727e-06 0 -3.119306402754046e-08 3.624736414527245e-07 5.330351867291671e-23 -3.614007241614482e-24 -6.978784062234264e-23 1.508120353776139e-23 0 0 0 0.002499990750197633 -1.213168216059041e-08 -8.673617379883971e-21 
0.09999999978923559 9.843808667503492e-09 0 -2.486568612726964e-11 7.80816101017802e-10 5.973484793551697e-23 -1.807003620809175e-23 1.969498574574665e-22 9.063264622750006e-24 0 0 0 0.002499999992623253 6.627719206786536e-11 -8.673617379884046e-21 
0.09999999999999391 1.449758282173744e-10 -7.001564358794836e-27 -3.946905140679979e-14 8.879136959232792e-13 -4.325585333128956e-23 3.614007241615565e-24 -6.802990440362987e-23 6.062978827647306e-24 0 0 0 0.002499999999999793 3.271872790061563e-12 -1.580141199749343e-28 
0.1000000000002239 8.350091451614395e-13 0 1.32102375334971e-14 -4.383901781948553e-13 6.744271014789697e-25 0 -2.807611467329949e-24 -2.305297005195418e-23 0 0 0 0.002500000000007854 2.916503843986019e-15 0 
0.1000000000006781 -4.891885507785144e-11 -2.362521507189341e-27 -6.510019144125386e-14 -1.233040078142236e-12 -3.717421462919276e-23 -2.891205793294515e-23 -2.276423535129516e-22 -1.269927224097797e-23 0 0 0 0.002500000000023745 -1.094634907890261e-12 -5.2865066205972e-29 
0.09999999999856253 -5.115766317509443e-10 0 3.062638274925978e-13 2.692224706556303e-12 -4.571414866964656e-24 7.640713280344872e-38 -1.879629918043683e-24 -1.052247443778478e-23 0 0 0 0.002499999999949707 -1.275408543967991e-11 8.673617379884031e-21 
0.09999999999915701 1.062812945290533e-09 -2.595910686008694e-26 -3.741063930856058e-13 1.593444505539212e-12 9.177602677963723e-24 -3.614007241619597e-24 -1.435205232846856e-24 -2.67561249273704e-24 0 0 0 0.002499999999970511 2.617959017972562e-11 -6.394340434412035e-28 
0.1000000000007921 1.464437945908329e-10 5.55111512312579e-19 1.878567914651257e-13 -1.458293437500278e-12 5.281273182685092e-24 -5.05961013826609e-23 -2.292451998262335e-22 1.790806851267755e-23 0 0 0 0.002500000000027724 3.275805733442254e-12 8.673617379884046e-21 
0.1000000000000508 4.593305336780841e-10 1.096412568965952e-26 -1.031406797932084e-13 -1.489475251820475e-13 1.120431182733253e-23 3.252606517455601e-23 -1.116290982573543e-22 -1.836147032525384e-24 0 0 0 0.002500000000001769 1.12240864389227e-11 -8.673617111967367e-21 
0.1000000000010696 8.812577403927123e-11 -5.55111512312585e-19 -1.304280248625121e-14 -2.004126731830763e-12 6.938550113427569e-23 7.228014483243472e-24 1.523797886787601e-22 8.232097524096936e-24 0 0 0 0.002500000000037432 2.149764199120543e-12 8.673617379884141e-21 
0.1000000000001113 -3.690101176012679e-10 -9.115458517592553e-27 1.221736647035654e-13 -2.241781347282484e-13 -5.945826091697853e-23 -1.253076977976559e-35 7.274425312335977e-23 -1.65001078599464e-23 0 0 0 0.002500000000003911 -9.072157901215338e-12 -8.67361760398867e-21 
0.09999999999946489 -3.360419581488486e-12 -2.775557561562895e-19 -4.857438224796044e-14 1.009800480152896e-12 4.138254474107877e-23 1.763241526233432e-38 -3.654225071557561e-25 -2.888855212349353e-24 0 0 0 0.002499999999981281 -1.37178679873729e-14 -8.673617379884046e-21 
0.09999999999955117 4.760575614270986e-11 0 3.873209507751892e-14 8.527515488499271e-13 -8.857877372501843e-23 1.084202172485321e-23 -8.278517396634685e-23 -6.729463228087273e-24 0 0 0 0.0024999999999843 1.100164338969916e-12 0 
0.1000000000000572 3.485160077199013e-10 4.996003610813189e-18 -9.634487143270598e-14 -1.062832810903084e-13 3.630611828820476e-23 7.228014483237293e-24 -6.117624468205431e-23 1.090767292360137e-23 0 0 0 0.002500000000002003 8.537224746585361e-12 -8.673617379884009e-21 
0.1000000000004198 3.867999670559302e-12 5.55111512312579e-19 5.504286170373191e-14 -7.986615558181109e-13 -1.861218337273077e-22 1.445602896647338e-23 -5.56297073664862e-23 4.236951948054262e-24 0 0 0 0.0025000000000147 1.643650493488032e-14 0 
0.1000000000003924 1.881932110148198e-11 4.596601590829463e-28 -5.191404250926587e-14 -7.482084769601663e-13 7.84853304024559e-23 -3.614007241618593e-24 -1.624430689256748e-23 3.834356703609356e-24 0 0 0 0.002500000000013743 5.290500025914577e-13 1.292199686921079e-29 
0.1000000000000562 -3.04881814239267e-10 1.69243404978962e-28 9.019889765650255e-14 -1.123407069797842e-13 -1.015402770903692e-22 9.261426116541102e-36 -5.549023328604523e-23 -5.633873500983897e-24 0 0 0 0.002500000000001981 -7.474835366557568e-12 8.673617384033398e-21 
0.09999999999983192 -2.709134999667737e-11 2.775557554945858e-19 -6.464849951667165e-14 3.130242341762012e-13 1.404082130990107e-22 2.644862289350147e-38 -1.371450287895897e-24 3.271364323227864e-24 0 0 0 0.002499999999994123 -5.646280968815694e-13 -8.673617393675035e-21 
0.09999999999997224 -1.755141171289044e-10 2.775557561562893e-19 4.860297280380531e-14 6.355585997788792e-14 6.921410046601433e-25 -2.93873587705572e-39 -6.367857742106982e-27 6.481589310691827e-24 0 0 0 0.002499999999999044 -4.293679127520519e-12 0 
0.0999999999997461 -1.608175398404306e-12 0 -2.278001976866819e-14 4.787482404079698e-13 -5.066299574065384e-23 8.816207631167158e-39 9.688961400002657e-25 -9.910309253937169e-24 0 0 0 0.002499999999991119 -6.906367838732692e-15 0 
0.09999999999988703 2.287640563092273e-11 -5.551115123125789e-19 6.709314585390051e-15 2.145632325355662e-13 -9.250277322385858e-23 4.701977403289151e-37 -1.509070787857512e-24 -2.098487199993587e-23 0 0 0 0.002499999999996056 5.337852555797881e-13 0 
0.1000000000001262 8.663950633314173e-11 2.775557561562889e-18 -3.399041742514113e-14 -2.348083088497916e-13 4.827366030748732e-22 -3.252606517456442e-23 2.017255787469323e-22 -5.720508348470841e-24 0 0 0 0.002500000000004432 2.143389090346342e-12 -8.673617379884027e-21 
0.1000000000000431 -7.471354264432246e-11 2.220446048358616e-18 4.353769035107568e-14 -8.245761772772993e-14 -2.732356806088083e-22 -3.614007241617149e-24 -6.792658848983571e-23 3.806764430333744e-24 0 0 0 0.002500000000001505 -1.862023718806479e-12 -2.222306225393395e-29 
0.09999999999994266 5.309628604843739e-11 -5.551115116641418e-19 -3.215863640197045e-14 1.035814784418602e-13 -1.528027194572133e-22 3.614007241621188e-24 1.258612049824645e-22 -1.786820685324059e-23 0 0 0 0.002499999999998008 1.321458133890507e-12 1.613824570955775e-29 
0.100000000000048 -3.148791991036686e-11 -2.498001805406604e-18 2.02077093484457e-14 -8.695258560627818e-14 2.637310617450968e-22 -2.168404344971118e-23 1.374681125320094e-23 1.103919142099535e-22 0 0 0 0.002500000000001675 -7.92717128918209e-13 0 
0.09999999999996442 1.609784354428267e-11 9.829708102321832e-29 -1.07284984137327e-14 6.369897312945293e-14 -1.919719209895282e-23 -7.228014483236651e-24 -2.380208906643017e-23 8.892215346203871e-23 0 0 0 0.002499999999998767 4.203004589330149e-13 -8.673617377317587e-21 
0.1000000000000222 -4.944829268271886e-12 2.775557561864833e-19 4.170302529231011e-15 -4.083154316812759e-14 1.048249946390328e-23 1.445602896647293e-23 1.37995023769164e-22 9.667259771309067e-23 0 0 0 0.002500000000000787 -1.319311413588985e-13 8.056014494094895e-31 
0.1000000000000025 -1.378237801663573e-13 0 -1.975988817015657e-15 -6.53664394418257e-15 -9.438293594343678e-24 0 -1.392138099034513e-23 1.136956634244866e-22 0 0 0 0.002500000000000109 -5.936006894358136e-16 0 
0.1000000000000025 -8.27701622518884e-12 2.775557561310185e-19 2.035993827235567e-15 -4.552948814742375e-15 -6.088299186094073e-24 1.08420217248558e-23 -1.3883961685149e-22 5.611423198083377e-23 0 0 0 0.002500000000000091 -1.9302186802031e-13 -5.893176358638425e-31 
0.09999999999998863 -1.646859731918581e-12 -2.77555756159946e-19 -4.395384519314276e-16 2.139094198990251e-14 7.573084613609316e-23 2.938735877055719e-39 -2.5695148004075e-24 8.670037176261823e-24 0 0 0 0.0024999999999996 -4.852075772415753e-14 -8.673617379991776e-21 
0.09999999999999733 7.677018742935361e-13 0 -5.756938907068094e-16 4.816770974839695e-15 -6.67745342829563e-23 -2.057115113939003e-38 1.360282030967071e-23 7.921342502443073e-24 0 0 0 0.002499999999999915 2.401236761512271e-14 8.673617379884039e-21 
0.1000000000000085 -7.077671781985372e-14 0 -7.295222296625299e-16 -1.648702675199364e-14 1.482435989587087e-23 2.938735877055718e-39 3.810471491186646e-25 8.015821318716049e-24 0 0 0 0.002500000000000311 -2.141299290658871e-16 0 
0.09999999999999597 -6.274147867912919e-12 0 2.181112697859537e-15 7.098017633921435e-15 1.034414908780003e-24 -2.938735877055719e-39 -1.605302616663665e-24 -3.965946690736734e-24 0 0 0 0.002499999999999867 -1.444970445380057e-13 8.673617379884037e-21 
0.09999999999999196 2.661672965365016e-12 -2.775557561554766e-18 -1.741340405203557e-15 1.39228334187156e-14 -4.563764593587452e-23 3.614007241618326e-23 -5.455982407659976e-23 1.001432248135864e-22 0 0 0 0.002499999999999732 7.196798495687223e-14 2.197264133212403e-31 
0.1000000000000173 -9.749145934989646e-14 0 -1.164757179594743e-15 -3.309007918777314e-14 -5.6722701024284e-25 9.403954806578298e-38 -1.601635886398801e-24 9.225646594820885e-23 0 0 0 0.002500000000000623 -3.876022766635674e-16 0 
0.09999999999999987 -1.099927440795231e-11 2.775557561562895e-19 3.178990866844104e-15 9.149877456568566e-16 6.773175509445721e-26 -2.350988701644576e-38 3.957465243812881e-25 7.301495554517141e-23 0 0 0 0.002500000000000007 -2.651497727976229e-13 -8.673617379884046e-21 
0.09999999999994404 2.353152395162546e-13 0 3.167628428076458e-15 1.072917470431619e-13 8.384694519204553e-24 0 1.255360771193742e-23 6.921036227291828e-23 0 0 0 0.002499999999998055 1.246832498358334e-15 8.673617379884033e-21 
0.09999999999988662 3.310711080284358e-11 0 3.438038742589451e-15 2.088114785615945e-13 -6.189656170704559e-23 1.445602896647264e-23 -6.747199337227089e-23 1.294603207704762e-23 0 0 0 0.002499999999996031 7.996478913058218e-13 0 
0.100000000000169 8.651135363635404e-11 5.551115123125786e-19 -3.569645643890743e-14 -3.127462100762929e-13 1.62730576235171e-22 -1.084202172485079e-23 1.389850648077114e-22 8.049315035403099e-24 0 0 0 0.002500000000005933 2.142906620379588e-12 8.67361737988404e-21 
0.0999999999999716 -9.614761244114468e-11 -1.174198224043844e-27 5.82374377888754e-14 5.063371236114902e-14 -9.133603735547283e-23 -8.22846045575601e-38 3.294350601191493e-24 -3.543827478549735e-24 0 0 0 0.002499999999999012 -2.401941492924398e-12 -8.673617409217625e-21 
0.09999999999989974 1.071041692835005e-10 0 -5.004670173650245e-14 1.789611474182833e-13 -1.678354877611347e-23 -7.22801448323414e-24 2.681636050846217e-23 -1.14542436463652e-23 0 0 0 0.002499999999996507 2.670620343793447e-12 0 
0.1000000000002959 -2.217314873376174e-11 -2.775557561562894e-19 4.865120112333802e-15 -5.520864946099509e-13 -7.914251449250879e-25 -1.084202172485507e-23 -8.524416389749209e-23 1.403668529801135e-23 0 0 0 0.002500000000010371 -5.31513852028431e-13 0 
0.100000000000026 -1.201392284266855e-10 5.551115137797725e-19 2.590442143198695e-14 -6.306389524994739e-14 -4.91330148327042e-23 -2.529805069132986e-23 -5.858842463849092e-23 -1.114905683994122e-23 0 0 0 0.002500000000000932 -2.944787968160722e-12 8.673617415847114e-21 
0.1000000000001558 -4.741524013696117e-11 2.775557572880815e-19 -4.065558445453633e-14 -2.904992457092191e-13 -5.907480575201764e-23 3.614007241618209e-24 2.905478870992379e-23 -9.945038222437814e-24 0 0 0 0.002500000000005451 -1.077789116635257e-12 2.572660529904576e-29 
0.09999999999994461 -2.400891551540563e-10 5.730878922318934e-27 6.469146052178365e-14 1.096766664669292e-13 8.957030312682303e-23 -3.232609464761288e-38 1.818287143634937e-25 -5.239248779217292e-24 0 0 0 0.002499999999998063 -5.897341534381902e-12 -8.673617239115676e-21 
0.09999999999963309 -1.997794291108698e-12 0 -2.92468038213626e-14 7.001585432257395e-13 1.785629566690119e-22 -1.46936793852786e-38 -7.588070857949231e-25 -6.895292935291772e-24 0 0 0 0.002499999999987174 -8.245357521752296e-15 0 
0.09999999999955078 4.763689442910365e-11 4.99600361081321e-18 3.867001024949952e-14 8.487679130330447e-13 1.329128661554419e-22 -4.336808689942091e-23 4.698585007972816e-23 -1.151005825689244e-23 0 0 0 0.002499999999984282 1.100560072762874e-12 8.673617379884046e-21 
0.1000000000000567 3.485136658432096e-10 -5.55111512312578e-19 -9.633485583324511e-14 -1.069735438335067e-13 -2.679279045021166e-22 1.807003620810773e-23 8.317865298554805e-23 1.275745747883835e-23 0 0 0 0.002500000000002006 8.537265404166851e-12 0 
0.1000000000004479 3.612821847243112e-12 -5.55111512312579e-19 5.181524746304209e-14 -8.555068583776445e-13 -1.170735573771515e-22 -1.445602896647337e-23 5.712183610690481e-23 -1.045915199069638e-23 0 0 0 0.002500000000015687 1.50948047464295e-14 -8.673617379884046e-21 
0.100000000000533 -4.319895136051262e-12 5.55111512312579e-19 -6.150216724787322e-14 -1.010805851985815e-12 3.680237162479998e-23 1.689773129307039e-38 2.276579235510826e-24 -1.788198557862496e-24 0 0 0 0.002500000000018662 -1.846396299742822e-14 0 
0.1000000000000298 -4.13374369456763e-10 9.981895905047464e-27 1.187707765471008e-13 -3.609903267178688e-14 -1.892312586029238e-23 7.228014483228493e-24 2.711468778530593e-23 6.201819839728552e-24 0 0 0 0.002500000000001045 -1.013828913399082e-11 2.448128240842837e-28 
0.09999999999879125 -2.040446804574252e-11 4.927138474940586e-28 2.250993882030419e-14 2.261448230085218e-12 1.466211299727983e-22 1.175494350822288e-38 -1.047007631796425e-24 4.362631295576308e-24 0 0 0 0.002499999999957688 -5.247023518797864e-13 1.267017174886919e-29 
0.09999999999997275 5.221366741747793e-10 -5.55111512312578e-19 -1.572940585651533e-13 6.089286630298535e-14 -1.091180414343637e-22 4.336808689939863e-23 -1.69557798020251e-22 2.660812978363299e-23 0 0 0 0.002499999999999062 1.280033208334728e-11 0 
0.1000000000008421 4.052400776055637e-12 0 5.831704933771195e-14 -1.592941219212195e-12 1.62945846405004e-24 1.763241526233432e-38 -9.926194554135666e-25 1.631644937295445e-23 0 0 0 0.002500000000029478 1.642837341858668e-14 0 
0.100000000000646 -1.356065433555368e-10 -5.55111512312579e-19 -3.598108755381411e-14 -1.228195274372299e-12 1.412785616223874e-22 -1.445602896647612e-23 5.592130411998015e-23 2.005799488007105e-23 0 0 0 0.002500000000022618 -3.228699859553191e-12 8.673617379884046e-21 
0.09999999999983118 -5.02198239590854e-10 -1.198736904317968e-26 1.288075007765382e-13 3.188306566158949e-13 -1.41633512641668e-22 -1.469367938527858e-37 9.288583536054324e-25 2.054837599580879e-23 0 0 0 0.002499999999994092 -1.230222792126389e-11 -8.673617673535667e-21 
0.09999999999923927 -4.397697483948822e-12 0 -6.136155449495044e-14 1.429009169796659e-12 -1.124809191226105e-22 -1.46936793852786e-38 -7.273784569178725e-26 -4.04245412658653e-24 0 0 0 0.002499999999973378 -1.920664148558079e-14 0 
0.09999999999994431 8.750309504757008e-11 8.403297748332617e-27 -1.904467787176024e-14 1.171268413859566e-13 7.190176488881788e-23 -3.614007241618464e-24 -4.2953042632249e-23 1.749879005570608e-24 0 0 0 0.002499999999998063 2.14583125573987e-12 -8.67361717381066e-21 
0.1000000000002785 4.287989234519317e-11 -5.551115102655105e-19 -1.884177420568134e-14 -5.652306865043258e-13 -5.083818922543056e-23 3.614007241618568e-24 -3.14840595882457e-25 -1.181439830472465e-23 0 0 0 0.002500000000009746 1.067757536034325e-12 5.097430705256037e-29 
0.1000000000015788 -1.427954976485088e-10 -6.816998519993829e-27 -1.294897191785977e-13 -2.9544089481325e-12 6.905310853946611e-23 -7.052966104933726e-37 1.419448274375193e-23 -1.488085231059452e-23 0 0 0 0.002500000000055266 -3.272151972121041e-12 8.673617223672851e-21 
0.0999999999997718 -1.176596190269314e-09 5.649679083357943e-26 3.352992941165448e-13 4.191474825939104e-13 -9.862370231242201e-23 -1.733854167462871e-37 7.118307082937962e-25 -7.799573992228775e-24 0 0 0 0.002499999999992035 -2.888866717457682e-11 1.387151344123747e-27 
0.09999999999859054 3.021563034499836e-11 1.442481806040931e-27 -2.005602281473648e-13 2.640429092094337e-12 6.472165659558944e-23 4.643202685748036e-37 2.54424913487353e-23 1.442644484727562e-23 0 0 0 0.00249999999995067 1.014097660012586e-12 4.841260656867215e-29 
0.09999999999994487 -8.731630869729187e-11 2.775557561562925e-19 4.674186755241981e-14 -6.960088076204709e-14 1.901177041344141e-22 -1.084202172485034e-23 -1.534735900204988e-22 1.430955293334752e-23 0 0 0 0.002499999999998075 -2.134215384714344e-12 8.673617379884141e-21 
0.1000000000452627 5.993354250388741e-10 -5.55111512312579e-19 -5.387994623841837e-12 -8.22406561597658e-11 -1.479385383687243e-22 2.057115113939003e-38 1.344174711424117e-23 -8.809417704614033e-24 0 0 0 0.0025000000015842 3.076697696526727e-11 0 
0.1000000138437511 -6.181574150124179e-08 -2.775554610504736e-18 -1.64076317867621e-09 5.953802796344969e-09 -3.133845016652985e-22 2.529805069132977e-23 2.860880523211429e-22 -1.073279306640335e-23 0 0 0 0.002500000484529781 2.907569408220988e-10 8.673603499266883e-21 
0.09999629382895905 -6.291784767284435e-05 -2.775557561562887e-19 4.34022978323369e-07 6.985188281773842e-06 7.199780051661542e-23 6.288894776899247e-37 3.019242023365356e-24 1.378020775844447e-23 0 0 0 0.002499870850698295 -1.745563098980252e-06 -8.673617379884022e-21 
0.1006123622921831 0.000208395828573414 5.5499582938902e-19 -0.0003045858258372151 -0.0003961848813470388 2.388331133610946e-21 1.445602896647615e-23 2.020565137110624e-22 5.155666913043066e-23 0 0 0 0.002664492789900911 0.0006233367038801321 8.327595999513206e-21 
0.1068003506797356 0.0002107178621275222 -5.55111512312579e-19 -0.01684747019206682 -0.0003964733501560361 6.938893903907237e-20 7.191874410820512e-22 1.096673793539687e-20 1.288816637536846e-22 0 0 0 0.04474613505522444 0.0006233709591326282 1.387778780781447e-19 
0.1252532173544473 0.0002109927298966927 5.55111512312579e-19 -0.165078954271876 -0.000396475092044603 0 -1.951202509749746e-20 -2.519145404988044e-19 2.163849511093644e-21 0 0 0 1.038544324684513 0.0006233709715530748 0 
0.1299625682218968 0.0002265757397294602 5.660539200460857e-19 -0.4604414709575883 -0.0003964790885473808 -1.91478392606149e-20 3.021310053990346e-20 9.286441480881339e-19 1.918222191577986e-20 0 0 0 5.457175125186077 0.00062337097165854 3.010551504439465e-20 
0.09522333428338774 0.0002246413714641566 8.326672684688683e-19 -0.5045023499467327 -0.0003992939780688587 0 2.220446049250311e-20 -8.192720448008593e-19 3.493325422401172e-20 0 0 0 11.19028511004923 0.0006233709773817457 0 
0.07018990604360621 0.0002385788822530437 8.326672684688613e-19 -0.2676221651853263 -0.0003991374862082395 0 -1.18423789293652e-19 -4.606147649762389e-19 -2.252962557246442e-21 0 0 0 16.49207579725402 0.0006233709777592164 7.10542735760095e-17 
0.08405278703702397 0.0002427130618582502 1.376057025891572e-18 -0.1524782034180812 -0.0003989799469833878 1.926861747245366e-20 -1.480297366166745e-19 5.411099439894616e-19 -6.071217325681618e-20 0 0 0 19.88582161831877 0.0006233709839265044 -7.108437909164698e-17 
0.09257524070250488 0.0002547485567108546 1.665334536937737e-18 -0.07921580117486865 -0.0003988652343050162 0 2.96059473233375e-20 -6.185251056112501e-19 -7.941520578221795e-20 0 0 0 22.51343840823659 0.0006233709924030632 7.105427357601011e-17 
0.09693208706742425 0.00031375674609968 8.326672684688776e-19 -0.03472008617271324 -0.0003984842887533611 -1.387778780781463e-19 -5.921189464670895e-20 3.748283986083862e-19 4.960751613577442e-20 0 0 0 23.94549519011887 0.0006233710302616512 -7.105427357601088e-17 
0.09888658074185876 0.0006375864539740598 1.110223024625158e-18 -0.01301785144593484 -0.0003953884481261119 -2.081668171172171e-19 8.666684749742563e-33 9.155766267544182e-19 -1.983366437292819e-19 0 0 0 24.61201307824983 0.0006233714157755234 7.105427357601009e-17 
0.09964259761547781 0.002277315776594164 0 -0.004203985334110291 -0.0003601577230790875 -2.081668171172165e-19 -5.921189464700225e-20 -4.472298237228227e-19 -2.609882786532949e-19 0 0 0 24.87483149971008 0.000623377878672394 7.105427357600991e-17 
0.09989828959495187 0.001284145838728433 1.110223024625158e-18 -0.001144470570922511 0.0002742674590313266 -7.762887554996221e-19 4.144832625267248e-19 4.699943532255434e-19 3.743443022304849e-20 0 0 0 24.96438047782504 0.0006235969907786324 7.105427357601011e-17 
0.09997631011266461 0.0003332081778623339 1.590722181541479e-20 -0.0002337430546209174 0.001093977803567903 -1.081307319457749e-18 2.960594732332727e-20 -1.048950476930505e-18 -5.082108241389087e-20 0 0 0 24.99170767712884 0.0006349208286682249 7.108458443609057e-17 
0.09999800090978606 2.775046248570035e-05 1.110223024625158e-18 -2.003941486363217e-05 0.0002511010377009651 -1.0447473778024e-18 2.960594732333368e-20 -3.463914748148717e-19 1.82293507116215e-19 0 0 0 24.99930032551662 4.390054324510051e-05 -7.105427357601009e-17 
0.1000000596250739 -7.161222694702048e-07 -3.458491129254796e-23 9.774773677531759e-07 -6.090219027300588e-06 -6.085862920948153e-22 -2.960594732260475e-20 1.521363872671711e-18 1.035500515308366e-18 0 0 0 25.00002086853835 -0.0002700469601491142 -1.304183735060893e-20 
