0.1000000000101078 2.437222298978813e-10 0 -2.816242158587656e-10 -1.159445134943982e-08 -4.861396236762853e-18 2.368475785866883e-19 -9.437703114646685e-19 -6.062955435557312e-19 0 0 0 250.0000000353774 5.401014746553324e-07 0 
0.1000000034864199 6.219332904580621e-08 5.551085087043129e-19 -1.306153242694508e-07 -2.32667171133284e-06 -3.586411480007155e-18 -9.629649721936181e-35 -5.502400095599664e-21 -2.232103907631252e-19 0 0 0 250.0000122024698 0.0002120027086327514 -1.02386075457036e-20 
0.1000000903167255 1.703058349813304e-06 5.551115123125789e-19 -3.381845370616436e-06 -6.526010696654083e-05 3.583322061382486e-18 4.736951571734062e-19 -9.43615895527419e-19 9.009808661836782e-19 0 0 0 250.0003161026683 0.0002803407376461576 -1.136868377216162e-15 
0.09999761320612999 -3.316410246440726e-05 0 7.178509279780731e-05 0.0008325684569783438 -6.358845741627474e-19 -2.407412430484048e-34 -1.921195612220932e-21 -1.464014586188267e-19 0 0 0 249.9916462969094 0.0002803052410627064 -1.136868377216159e-15 
0.09997890639007662 -0.0003488679421006792 0 0.0007577765359837078 0.001561239709259613 -6.938893903907236e-19 -7.703719777548945e-34 -1.751503423407443e-20 -6.072293140100208e-19 0 0 0 249.926172653056 0.0002803052204569733 0 
0.09987466597129627 -0.00153204609376648 2.775557561562925e-19 0.004661350529762416 0.001616622534808505 -6.765421556309631e-19 3.042969312131833e-32 -3.737789248598262e-18 -2.275221173558665e-19 0 0 0 249.5612699676418 0.0002803051962985126 1.136868377216174e-15 
0.09940258168127721 -0.005367996677476365 0 0.02211591898981803 0.001617685629323075 -5.551115123125789e-19 2.93403389965243e-35 1.981220007254695e-21 1.074788341813488e-21 0 0 0 247.9110134060665 0.0002803052202793268 -1.136868377216162e-15 
0.09772699121542153 -0.01865283449397056 6.129229160220346e-19 0.08236490142762419 0.001617730836014205 -7.722980693693026e-20 2.022226441606598e-33 8.270047392696735e-19 1.136115190231086e-19 0 0 0 242.0928430405423 0.0002803052320032846 1.136854995559294e-15 
0.09283990120763 -0.05125221393146828 -1.920098864370676e-18 0.2469665459794517 0.00161773572403945 7.812806401354463e-20 9.473903143469428e-19 7.457653164925968e-18 4.515597813957284e-19 0 0 0 225.6762708103021 0.0002803056768918581 -1.136854839937138e-15 
0.07854422443045088 -0.06040051601144632 -2.883495873731373e-18 0.5397679213563239 0.001617744175222447 7.723044374526342e-20 -7.105427357601003e-19 3.554921659357808e-18 -3.481019011602594e-20 0 0 0 186.9248011394014 0.0002803057038924845 1.338167939499351e-20 
0.1050276038302398 0.02028700427466009 0 1.401995939842536 0.001617744001486374 4.440892098500631e-18 -7.697546304067739e-19 7.265411147599164e-19 -1.37660710297188e-19 0 0 0 79.89784536315658 0.0002803057116196286 -2.842170943040404e-16 
0.1189337476202047 -0.04804543356962887 0 0.6233636984499058 0.001617743838076148 0 -8.907841189213321e-19 1.873697130265668e-18 -1.670233280679654e-20 0 0 0 17.21604330825333 0.0002803057116251851 -2.842170943040404e-16 
0.106919734151493 -0.02258801007254518 5.551115123125789e-19 0.07635253733193355 0.001616682357526782 2.775557561562894e-19 -9.088577691366682e-19 1.21181472223585e-18 1.055170675875958e-22 0 0 0 0.8061633698596621 0.0002803053657317269 -2.842170943040404e-16 
0.1007421179580388 -0.0002327988661781244 2.775557561562894e-18 0.001553246566240995 -3.214223961458523e-05 2.081668171172171e-19 -1.620882247865822e-19 1.805319855093623e-19 -2.11729860194034e-24 0 0 0 0.00560175339738418 5.111118664801341e-05 -5.957040416504362e-17 
0.100011822006182 -0.0002042649738044462 1.942890293094021e-18 1.891179489792436e-06 -3.278758660487231e-05 2.149007290478882e-19 -2.385244779468377e-22 8.49242149661661e-22 -1.186227513816379e-24 0 0 0 0.0025005510203998 -9.585456321770689e-06 1.734723475976804e-20 
0.09999999652280751 -3.944835179001144e-08 0 -4.111957714780709e-10 -2.677266624350336e-08 1.228512102151507e-21 -9.110081218872729e-38 1.558256905433388e-23 -5.17045850630495e-24 0 0 0 0.00249999987830102 -8.224377762481305e-09 8.673617379884045e-21 
0.09999999999550248 -5.990338433625706e-11 2.775557561562925e-19 -5.224928573132939e-13 -1.897835169627438e-11 2.129465011505557e-24 1.175494350822288e-38 -5.052159002828744e-25 -6.912060294867623e-24 0 0 0 0.002499999999842583 -8.702056002868295e-12 0 
0.1000000000000143 9.42182963592483e-11 -5.551115123125789e-19 -1.234330369396633e-14 -4.743648728239518e-14 4.571228064702307e-27 -9.234977493647598e-37 -1.145755772496297e-22 -7.367999730880937e-26 0 0 0 0.002500000000000502 2.356619131609026e-12 8.673617379884045e-21 
0.09999999999970344 -1.861631508670588e-10 2.775557561562894e-19 4.889111037316279e-14 5.984121702203622e-13 6.838290612917559e-25 5.877471754111439e-39 -5.344653123604629e-25 -5.712304065294295e-24 0 0 0 0.00249999999998962 -4.709107452940973e-12 0 
0.09999999999995955 1.512110575641039e-09 0 -7.90980389982605e-14 8.012131917901286e-14 1.458002754755314e-22 7.346839692639286e-40 -1.567896760259423e-27 -2.373700573589284e-24 0 0 0 0.002499999999998592 3.769455993000976e-11 8.673617379883971e-21 
0.1000000000002867 3.180702229377288e-12 -5.55111512312579e-19 4.072379470680214e-14 -5.780294909325963e-13 -1.824655084282343e-22 -5.877471754111439e-39 -3.614629590212599e-30 -6.888360863383813e-24 0 0 0 0.002500000000010036 1.980566318587903e-14 0 
0.1 1.419636543736883e-10 5.551115054564867e-19 -7.008871955038753e-15 -1.942012117438581e-15 3.58110614318476e-23 1.836709923159825e-39 8.156385318929121e-29 -1.139077346939998e-24 0 0 0 0.002500000000000001 3.54665840966715e-12 -1.712848094698418e-28 
0.1000000000000397 1.792836712422037e-13 0 2.336619555250626e-15 -8.078233332918292e-14 1.685257435775581e-25 0 5.508827590785564e-26 5.75965397377456e-24 0 0 0 0.002500000000001391 1.151964808265853e-15 8.673617379884046e-21 
0.1000000000001184 -4.841292297608279e-11 -2.775557584943771e-19 -1.159993467022127e-14 -2.375957454280284e-13 1.195040807261193e-27 -5.877471754111439e-38 1.434588101990948e-23 8.045540722966171e-24 0 0 0 0.002500000000004146 -1.189131258738668e-12 8.673617322455305e-21 
0.09999999999974771 -5.648235351651835e-10 0 5.51827213553542e-14 5.089506033034015e-13 4.161050686246135e-25 -2.571393892423755e-39 1.243020198300199e-25 1.19485785685593e-24 0 0 0 0.002499999999991174 -1.409288538731932e-11 0 
0.09999999999985151 1.156977768798635e-09 -2.825907387379305e-26 -6.742978906717085e-14 2.993638209869e-13 1.098754404296785e-22 1.466796544635434e-36 1.431731353165261e-23 1.150850156436304e-24 0 0 0 0.00249999999999481 2.885864968217915e-11 -8.673618084753842e-21 
0.1000000000001387 1.447065557658159e-10 5.55111512312579e-19 3.372294041237077e-14 -2.787489408444308e-13 -9.14768069207102e-23 1.155835814925968e-39 6.918581028613961e-26 -7.843505778189517e-28 0 0 0 0.002500000000004853 3.553071465517402e-12 0 
0.1000000000000096 4.962363419486218e-10 1.184505976847309e-26 -1.857013270008775e-14 -2.173842909053939e-14 -3.109694877299686e-25 5.854512880071935e-40 1.15853369170796e-25 -5.604473701426618e-27 0 0 0 0.002500000000000335 1.235606669064421e-11 2.949367792757782e-28 
0.1000000000001883 9.481157178803341e-11 5.55111512312585e-19 -2.347405834529721e-15 -3.787182307661825e-13 -7.684136305576925e-28 -1.445602896647329e-23 1.1541705105647e-22 -2.394671202653853e-26 0 0 0 0.002500000000006585 2.365379485162735e-12 -8.673617379884141e-21 
0.1000000000000198 -4.013807081842988e-10 -9.915091811030947e-27 2.207974035088227e-14 -4.059079732268873e-14 -2.959067685453922e-30 -2.93873587705572e-39 1.150572420348152e-25 -9.197147833806952e-24 0 0 0 0.002500000000000696 -1.000084482458496e-11 -8.673617626929523e-21 
0.09999999999990596 -6.798381302353135e-13 -2.775557561562895e-19 -8.697607449074482e-15 1.899591805067892e-13 -1.26217744835362e-31 0 -2.441955706323943e-25 -4.597644890553304e-24 0 0 0 0.002499999999996712 -4.214835945537416e-15 8.673617379884046e-21 
0.09999999999992108 4.847094947635329e-11 0 6.927100791125017e-15 1.597431792815339e-13 -2.612707318091994e-28 3.614007241618139e-24 -7.179104678585144e-23 7.443884061184647e-24 0 0 0 0.00249999999999724 1.200013938044968e-12 8.673617379884046e-21 
0.1000000000000097 3.777852163044937e-10 0 -1.738727472185512e-14 -2.021427459596043e-14 -2.469515810931162e-25 -3.673419846319645e-39 -2.43866609481604e-25 1.192000704749224e-24 0 0 0 0.002500000000000345 9.404852114106023e-12 0 
0.100000000000074 7.730795170690673e-13 -5.55111512312579e-19 9.877009626846339e-15 -1.495937796155898e-13 -1.010285308877245e-22 0 -4.37971149434779e-26 3.447231590213386e-24 0 0 0 0.002500000000002588 4.827410172991728e-15 0 
0.1000000000000691 2.323297804140977e-11 -5.551115117451155e-19 -9.31316250970185e-15 -1.399507446694625e-13 1.010290209334913e-22 3.614007241618333e-24 -1.436959702373503e-23 -3.447762144767333e-24 0 0 0 0.002500000000002423 5.937280831910804e-13 1.450175294315657e-29 
0.10000000000001 -3.308034401960934e-10 2.775557563399218e-19 1.626062617887706e-14 -2.047825344705867e-14 2.462111991696269e-25 1.102025953895895e-39 -4.310866014695071e-26 -1.162773742974109e-24 0 0 0 0.002500000000000353 -8.235399124798004e-12 8.673617384455596e-21 
0.09999999999997063 -2.487762600089647e-11 -6.076336900525925e-28 -1.162046639469069e-14 5.934793102773685e-14 -1.560070690133152e-28 -2.938735877055719e-39 -8.621725121987317e-29 5.766012750634995e-24 0 0 0 0.002499999999998971 -6.039832804900776e-13 8.673617365131811e-21 
0.09999999999999497 -1.901757397393388e-10 -2.775557561562893e-19 8.747504341247973e-15 1.056299309774339e-14 -3.420766573391188e-25 -2.93873587705572e-39 -2.011886315752173e-31 5.75555149351282e-24 0 0 0 0.002499999999999827 -4.729032378365776e-12 0 
0.09999999999995544 -3.192758557535327e-13 -2.775557561562895e-19 -4.09222817669234e-15 9.011647801183906e-14 -7.29856566181112e-23 -8.816207631167158e-39 -8.142271612016123e-29 -1.03421632970609e-23 0 0 0 0.002499999999998441 -1.994931997373336e-15 -8.673617379884046e-21 
0.09999999999998015 2.405497676050138e-11 -5.551115123125789e-19 1.181819919704503e-15 4.016880323755483e-14 7.298634046585271e-23 1.46936793852786e-39 -5.50549001845013e-26 -2.319851633525729e-24 0 0 0 0.002499999999999308 5.855857248757143e-13 0 
0.100000000000022 9.452256685693625e-11 -5.551115123125777e-19 -6.124148873206528e-15 -4.468637481100937e-14 3.410542936059518e-25 3.614007241618246e-24 -1.437479080221769e-23 5.749508456904822e-24 0 0 0 0.002500000000000775 2.363623077643322e-12 8.673617379884027e-21 
0.1000000000000077 -8.240508969636913e-11 -2.775557571397856e-19 7.842173901003426e-15 -1.53662764589056e-14 8.779134558848933e-28 -7.228014483236655e-24 -1.44530248585366e-23 5.762795332648093e-25 0 0 0 0.002500000000000268 -2.056993084979116e-12 -8.673617404434042e-21 
0.0999999999999899 5.860398971657685e-11 7.156984859006341e-28 -5.783803297409951e-15 1.992206582812679e-14 -1.411482876684e-25 1.469367938527859e-39 -5.797863540956748e-26 -4.542283154471868e-24 0 0 0 0.002499999999999653 1.459715594925858e-12 8.673617397710735e-21 
0.1000000000000084 -3.480969852642795e-11 -5.551115123125787e-19 3.633022586472649e-15 -1.677324106387729e-14 -5.500096932660088e-23 -3.614007241618321e-24 -1.439831654152773e-23 2.072765102850374e-23 0 0 0 0.002500000000000294 -8.757724363414612e-13 0 
0.09999999999999375 1.78234163539237e-11 1.088338196748366e-28 -1.928037821989162e-15 1.229751041108894e-14 8.26707534267106e-23 0 2.902768856051011e-26 1.391980455125329e-23 0 0 0 0.002499999999999785 4.644085138151564e-13 2.835783636782452e-30 
0.1000000000000039 -5.508397557529851e-12 3.363552388437238e-29 7.477039820624779e-16 -7.83846552802813e-15 2.266207556501813e-25 -2.350988701644576e-38 5.770849672003825e-23 1.846878022939229e-23 0 0 0 0.002500000000000138 -1.45891599582365e-13 8.908471712565449e-31 
0.1000000000000005 -2.801578413702543e-14 2.775557561562895e-19 -3.541794172760383e-16 -1.151021674531773e-15 4.440241655694884e-28 0 8.656273059630439e-26 1.616989816633411e-23 0 0 0 0.00250000000000002 -1.734723475976807e-16 0 
0.1000000000000004 -8.95685435542415e-12 5.551115122852321e-19 3.671711083323245e-16 -8.906830073574157e-16 7.447263515452798e-31 -4.408103815583579e-39 1.439837809167486e-23 3.478365570803405e-24 0 0 0 0.002500000000000017 -2.125591911684988e-13 8.673617379235069e-21 
0.09999999999999806 -1.720151798778602e-12 -2.775557561601087e-19 -7.870926133080083e-17 4.048675738005089e-15 1.293417057325406e-32 -1.469367938527859e-39 2.879666961089058e-26 -4.584678794216565e-24 0 0 0 0.002499999999999929 -5.321806363645097e-14 8.673617379765871e-21 
0.09999999999999951 8.493206138382449e-13 0 -1.048388228082804e-16 9.025943549610805e-16 -2.465190328815663e-34 0 4.312757672486078e-29 5.745809077983755e-24 0 0 0 0.002499999999999985 2.654397968787637e-14 0 
0.1000000000000014 -1.405126015541213e-14 5.551115123125785e-19 -1.311566596070198e-16 -3.142456069626695e-15 0 4.408103815583578e-39 -1.633731046657246e-28 2.319030425139869e-24 0 0 0 0.002500000000000054 -5.692061405548897e-17 8.673617379884039e-21 
0.0999999999999993 -6.818243886153045e-12 2.775557561562892e-19 3.933769976427466e-16 1.348497451453492e-15 0 2.938735877055719e-39 -1.631809925256173e-25 -4.53031134844542e-24 0 0 0 0.002499999999999978 -1.593424827847634e-13 0 
0.09999999999999851 2.967331241832129e-12 9.059598532521871e-30 -3.146568653781633e-16 2.684002785127589e-15 1.090627400976564e-32 -5.877471754111436e-39 -5.74975898010819e-23 1.724234179735381e-23 0 0 0 0.002499999999999953 7.960618926203261e-14 2.430467166087855e-31 
0.100000000000003 -1.882174971434834e-14 5.551115123125784e-19 -2.09828450910739e-16 -6.289852738411289e-15 7.494178599599613e-32 2.938735877055718e-39 -1.626587410746881e-25 1.042396945332955e-23 0 0 0 0.002500000000000108 -1.057097118173366e-16 8.673617379884037e-21 
0.1 -1.193723939141297e-11 -2.775557561562895e-19 5.767606299963055e-16 4.011285031137092e-17 1.043367154767942e-28 0 8.080437604599252e-26 1.27355142791178e-23 0 0 0 0.002500000000000003 -2.922250115500172e-13 -8.673617379884046e-21 
0.09999999999999014 4.319461455182262e-14 0 5.766713495614081e-16 1.991190290997488e-14 7.04084074775263e-26 0 1.429349954634795e-23 1.095994978708766e-23 0 0 0 0.002499999999999658 2.92734586571087e-16 -8.673617379884033e-21 
0.09999999999998015 3.513665053356265e-11 0 6.040732728844789e-16 3.99165327033797e-14 1.829204012195885e-23 -3.673419846319649e-40 1.241637213673454e-25 1.149165999386143e-24 0 0 0 0.002499999999999306 8.778541045126324e-13 8.673617379884033e-21 
0.1000000000000296 9.449524496218973e-11 5.551115123125786e-19 -6.426040949359141e-15 -5.968108805339412e-14 -1.825517365418645e-23 6.759092517228156e-38 1.437045819952064e-23 -4.567288287266429e-24 0 0 0 0.002500000000001041 2.36345502630659e-12 -8.67361737988404e-21 
0.09999999999999501 -1.061662043000405e-10 2.77555754859739e-19 1.049114614626306e-14 9.823698605546602e-15 3.678924408956652e-23 -1.469367938527859e-39 3.371102503829202e-25 3.393460728679085e-24 0 0 0 0.002499999999999827 -2.65400901125827e-12 -8.673617412295988e-21 
0.09999999999998259 1.173986255431634e-10 0 -9.022051855600348e-15 3.480675864298253e-14 -7.383015299574649e-23 -1.084202172485442e-23 5.723548493784838e-23 -6.881081771555506e-24 0 0 0 0.002499999999999395 2.947238265070536e-12 0 
0.1000000000000519 -2.390075984348704e-11 -2.775557561562894e-19 8.661661665688913e-16 -1.047383911484994e-13 -7.383021787166739e-26 2.938735877055719e-39 4.565953890925917e-25 1.14445124634507e-24 0 0 0 0.002500000000001822 -5.846207849422022e-13 0 
0.1000000000000047 -1.297288665380591e-10 -5.551115107282701e-19 4.668413572384083e-15 -1.036908997289356e-14 -7.369497148382673e-29 1.445602896647303e-23 5.749846704406453e-23 -5.787701263761859e-24 0 0 0 0.002500000000000171 -3.241848521400025e-12 3.959092357885857e-29 
0.1000000000000274 -4.806931762357823e-11 2.775557573036942e-19 -7.305474049775263e-15 -5.50763437386067e-14 -1.030043050704152e-28 0 1.628573083222432e-25 -4.579624978525847e-24 0 0 0 0.002500000000000958 -1.173632588682976e-12 2.801436933173475e-29 
0.0999999999999899 -2.601259919271528e-10 -2.775557499471342e-19 1.167044979174126e-14 2.00150154453536e-14 -1.040000498574366e-25 -2.938735877055716e-39 6.668971919857243e-28 9.149573150532945e-24 0 0 0 0.002499999999999651 -6.495906514514986e-12 1.550559570318819e-28 
0.09999999999993546 -4.060120295523734e-13 -2.775557561562895e-19 -5.234477434834516e-15 1.307586751516557e-13 -3.652319207805714e-23 0 3.551786005702184e-25 -8.008359003878194e-24 0 0 0 0.002499999999997743 -2.547875105340946e-15 -8.673617379884046e-21 
0.09999999999992114 4.847199031043888e-11 5.55111512312579e-19 6.926444834354636e-15 1.595676850497882e-13 7.29784384303879e-23 -1.445602896647312e-23 1.294249751635541e-22 -5.219838875512687e-24 0 0 0 0.00249999999999724 1.200019359055831e-12 8.673617379884046e-21 
0.10000000000001 3.777856933534506e-10 5.55111512312578e-19 -1.738718521012377e-14 -2.024287207851509e-14 -1.098822201440378e-22 1.373859022523549e-37 2.920372354163435e-23 2.28622517850132e-24 0 0 0 0.002500000000000354 9.404868377138635e-12 0 
0.1000000000000789 7.266756640866875e-13 0 9.287395389782441e-15 -1.598632174073135e-13 1.791685068102431e-23 0 3.226954943091813e-26 2.31578802442758e-24 0 0 0 0.002500000000002763 4.529254575558214e-15 8.673617379884046e-21 
0.1000000000000938 -8.650198612958384e-13 0 -1.10315478973888e-14 -1.896573961974454e-13 1.027225640697491e-25 5.877471754111439e-39 1.63175522006555e-25 -4.578366273929705e-24 0 0 0 0.002500000000003284 -5.442694905877255e-15 0 
0.1000000000000047 -4.485010453303386e-10 -2.775557453261762e-19 2.147606236365325e-14 -9.188246834247352e-15 3.521169444203991e-28 1.445602896647216e-23 5.749757547883789e-23 4.54137906097642e-24 0 0 0 0.002500000000000166 -1.117121803048677e-11 -8.673617110128688e-21 
0.09999999999978844 -2.320899548935419e-11 -2.775557555958568e-19 4.052208337397477e-15 4.280231918730071e-13 -9.830755179187132e-30 -1.175494350822288e-38 1.340008571280799e-25 -1.266223364169633e-23 0 0 0 0.002499999999992589 -5.82891482477083e-13 8.673617393959427e-21 
0.09999999999999505 5.669224638349416e-10 -5.55111512312578e-19 -2.842577284667383e-14 1.027523180874231e-14 -1.262177448353618e-31 -2.527312854267919e-37 -1.439799475289171e-23 -4.604156704678871e-24 0 0 0 0.00249999999999983 1.41061343378671e-11 0 
0.1000000000001481 8.195701062252459e-13 -5.55111512312579e-19 1.044238954565439e-14 -2.993428112557518e-13 0 0 -2.879605652560474e-26 1.142063648685124e-24 0 0 0 0.002500000000005184 5.057803134644899e-15 0 
0.1000000000001137 -1.425721520009741e-10 5.55111512312579e-19 -6.404064315881085e-15 -2.301224461459828e-13 0 4.408103815583579e-39 -4.319425719292391e-29 3.437939408129238e-24 0 0 0 0.002500000000003982 -3.539822514969629e-12 8.673617379884046e-21 
0.09999999999997009 -5.43788581872093e-10 -1.298012198863714e-26 2.326083538746755e-14 5.994791877092701e-14 1.304726788668232e-30 3.673419846319645e-40 -3.216962672675307e-31 1.153369224749446e-24 0 0 0 0.002499999999998956 -1.355023542372665e-11 -3.23441342165023e-28 
0.09999999999986646 -8.639790272102523e-13 -2.775557561562895e-19 -1.104266886264859e-14 2.696894753195336e-13 -6.310887241768102e-32 -1.46936793852786e-39 -1.963792134739862e-28 -2.293419069037841e-24 0 0 0 0.002499999999995328 -5.358669237509628e-15 0 
0.09999999999999011 9.472075901406682e-11 9.096440994579056e-27 -3.497508995383228e-15 2.051766493761667e-14 -1.728175113516325e-28 -3.673419846319649e-39 -8.112999485908435e-26 2.290711564113591e-24 0 0 0 0.002499999999999655 2.364882107416126e-12 2.271097779743494e-28 
0.1000000000000496 4.722155826086791e-11 2.254337833315436e-27 -3.495665562569786e-15 -1.016849751775953e-13 -8.873921067965535e-26 3.614007241618262e-24 -1.429345681934636e-23 -1.036695047142075e-23 0 0 0 0.002500000000001737 1.181620448188752e-12 8.673617436294122e-21 
0.1000000000002771 -1.443237456627575e-10 -6.889956453702362e-27 -2.325492946356697e-14 -5.589839489003176e-13 -1.832601373274008e-23 2.974609117742435e-39 -8.096876114001152e-26 -3.109315037048616e-27 0 0 0 0.0025000000000097 -3.561549926506307e-12 8.673617209857111e-21 
0.09999999999995955 -1.276055172985662e-09 2.775558174288144e-19 6.050189076585344e-14 7.989793484670049e-14 -8.856123547315314e-26 4.924678481472271e-39 -8.386313588465421e-28 -5.369892995036381e-27 0 0 0 0.002499999999998593 -3.182688758807767e-11 8.673618908120274e-21 
0.09999999999975272 4.468331087081865e-11 2.133162943446459e-27 -3.609224701513539e-14 4.990476274567641e-13 -2.674231170529544e-28 8.816207631167158e-39 -3.109625836462316e-25 6.906440068447376e-24 0 0 0 0.002499999999991346 1.165735531109124e-12 5.56517363722224e-29 
0.1000000000000106 -9.455426892845733e-11 -5.55111512312585e-19 5.840786650631319e-15 -1.836993593915753e-14 -2.764525177023619e-26 -1.445602896647286e-23 -7.16574357122487e-23 2.33192147104422e-24 0 0 0 0.002500000000000367 -2.363909035966256e-12 0 
0.09999999999997027 -8.534839501805926e-14 2.775557561562895e-19 -1.174546571114377e-15 6.237941206649148e-14 -9.270528549337024e-24 -3.673419846319649e-39 -3.82506115020991e-25 2.316761819052108e-24 0 0 0 0.002499999999998963 -6.42389787197664e-16 0 
0.09999999999960038 5.099800789998248e-11 -1.665334539372361e-18 4.467362082113236e-14 7.939357308252445e-13 -7.382988747045428e-23 -3.61400724161839e-24 -5.768067151303175e-23 5.847637260932537e-25 0 0 0 0.002499999999986015 1.206535414112468e-12 -5.759950606125241e-29 
0.1000000000041593 1.953553985245551e-09 0 -5.828863597811503e-13 -8.091808488976284e-12 4.605607960859921e-23 -8.816207631167169e-39 -7.254078977679653e-26 4.639561755786972e-24 0 0 0 0.002500000000145574 4.979505848455587e-11 -8.673617379884022e-21 
0.1000000015597468 -1.208427815278806e-08 6.708121920600037e-27 -1.846127083033625e-10 1.037014455982806e-09 6.275535698564064e-26 0 -2.67345818763609e-25 1.15071928015784e-23 0 0 0 0.002500000054591205 -2.427323072358097e-11 1.347434981567919e-29 
0.09999922321094294 -1.327227857426261e-05 2.775557561562895e-19 9.135519098641962e-08 1.442352578863759e-06 0 1.44560289664734e-23 -5.7028354393383e-23 -1.122701704893399e-24 0 0 0 0.002499972880590847 -3.235905591251393e-07 8.673617379884046e-21 
0.1003620176887282 0.0001520832445854956 5.55111512312579e-19 -0.0002830969595012645 -0.000167141515529469 -1.084202172485506e-21 1.46936793852786e-39 5.278140639942284e-23 -3.470299568685852e-24 0 0 0 0.002715072546812843 0.0002454986903827402 -8.673617379884046e-21 
0.1034907550341563 0.0001530654821136563 -5.477192605330489e-19 -0.01950020320409203 -0.0001671472985992179 -8.072328904280541e-21 -8.67361737988405e-23 1.108196426148391e-21 1.510734596262785e-23 0 0 0 0.09559278361697411 0.0002454987503149376 1.185628888256107e-20 
0.1063887220884768 0.0001536336484139068 -5.55111512312579e-19 -0.1860239672086414 -0.000167147346130659 -5.55111512312579e-19 0 -4.737390560556978e-20 8.553454397681937e-21 0 0 0 2.994606472791334 0.0002454987503286442 8.881784197001263e-18 
0.09106891323874368 0.0001538389007300905 -5.551115123125742e-19 -0.07957927122189555 -0.0001671466673844057 -8.326672684688613e-19 -3.548525922533477e-32 1.142986697322812e-18 1.907501734538394e-20 0 0 0 22.36574619558563 0.0002454987116484721 -7.10542735760095e-17 
0.0988329612511175 0.0001667504766892673 -8.053164508562564e-21 -0.01291851165337388 -0.000167110707606455 -7.552077676765912e-19 5.921189464667661e-20 4.827226112448705e-19 3.279262599238373e-20 0 0 0 24.59867348204489 0.0002454987170774623 -7.106612986328747e-17 
0.09986944002219128 0.0007270283994009956 -2.775557561562895e-19 -0.001539363447510028 -0.0001577528190709332 -7.58941520739854e-19 -2.407412430484045e-35 -1.168019366604672e-19 -6.135995936243017e-20 0 0 0 24.95437742457519 0.0002454995847278606 0 
0.09998794806668242 0.000183719028710133 0 -0.0001258892259234849 0.0005184236577411422 -1.919037845299366e-19 2.407412430484045e-35 -2.361242328353572e-22 -6.630271846847774e-20 0 0 0 24.99578235389082 5.359370813806538e-05 7.105427357601088e-17 
0.1000000218731073 1.644570828476837e-07 5.551115123125789e-19 2.602336401726557e-07 -3.134449116679616e-07 1.1667878848428e-21 -3.611118645726068e-35 -1.136820033683181e-21 -3.797813723457109e-20 0 0 0 25.00000765518754 -1.129544759948002e-05 0 
0.09999999483536295 2.558078349840235e-08 0 -6.182011612730186e-08 2.882920717209667e-07 7.549670833326571e-19 2.960594732329043e-20 -2.354975396382128e-19 -1.414776714984074e-19 0 0 0 24.99999819237764 8.778010163190698e-06 0 
0.1000000011988402 -1.650156495822126e-08 0 1.421045537502626e-08 -1.951437026454064e-07 -1.492438304093087e-19 -2.407412430484045e-35 -5.914021162672442e-19 5.606807160550997e-20 0 0 0 25.00000041959412 -5.7776069928295e-06 7.105427357601011e-17 
0.09999999992856486 1.191877369369203e-09 5.689973701414419e-26 -9.42384936782514e-10 1.321670166286797e-08 -1.213533650138793e-22 0 -9.279482458679989e-22 2.890918851685438e-20 0 0 0 24.99999997499769 4.122904906367331e-07 -7.10542538934311e-17 
0.09999999997037018 -1.733804939896251e-10 2.775557561562894e-19 3.931971567302364e-10 1.807373266616053e-09 1.502213221468718e-19 4.814824860968091e-35 -6.288162964422213e-22 8.528910027693985e-20 0 0 0 24.99999998962957 -7.161595760862729e-08 -7.105427357601009e-17 
0.1000000000292159 1.294181515426687e-09 1.110223087127203e-18 -9.043280461663932e-10 -1.972684211719018e-09 -1.506766893544014e-19 -3.79408199044286e-32 3.55899415064457e-19 1.323702714101616e-19 0 0 0 25.00000001022585 2.184632474922109e-07 -7.105426302538862e-17 
