0.09978472994309666 -0.0004492771998496437 0 0.003757015457372514 0.03817474205391786 5.030698080332747e-18 -1.657933050106899e-18 2.814231826113162e-18 -5.212829822489321e-19 0 0 0 249.2487136588969 -1.757050323401373 0 
0.09927911767017399 -0.001783580084308653 3.636932240563015e-19 0.02211187023274556 0.0712845616616278 -5.385556925175745e-18 5.684341886081081e-18 -2.640422366975614e-18 -9.5697382806487e-19 0 0 0 247.484942355 -6.087690052876805 2.940031743616137e-16 
0.09829647415579391 -0.005541155603704391 0 0.06166765037674651 0.180999785627112 -1.859623566247139e-17 4.736951571734654e-19 3.516344244959263e-19 1.045068378568438e-19 0 0 0 244.0700122944918 -16.52593948519606 0 
0.09622789703246803 -0.0122366530346539 0 0.1365345811155169 0.2669165705288195 0 2.850376317693113e-32 -2.198087394876622e-19 5.58783920280749e-19 0 0 0 236.927648745877 -28.47431352909386 0 
0.09281542308809279 -0.02160639911953607 0 0.2555968015387348 0.3530268813072095 -2.220446049250316e-17 -9.473903143468132e-19 -7.597106497108669e-18 2.558411132734749e-18 0 0 0 225.419259480916 -44.07927626731901 0 
0.08775483492118534 -0.03165407509326296 2.775557561562925e-19 0.4198642350651129 0.4348100947705311 1.11022302462517e-17 7.105427357602516e-19 -1.482803978031079e-18 2.673687315250438e-18 0 0 0 208.7200108957101 -70.06080463114415 -5.684341886080871e-16 
0.08052256244842033 -0.0452405758632975 0 0.6432070537398386 0.2210931566569757 -1.998401444325284e-17 -4.736951571733927e-19 -2.327102991078177e-18 4.03317394881245e-18 0 0 0 184.9335024878691 -105.5940909005782 0 
0.07236364457190371 -0.02833105055036573 2.185180007680785e-18 0.8889218719318697 -0.07426840392877221 1.242732735488829e-17 -2.368475785868343e-19 -1.941719094096452e-17 8.123581293879068e-18 0 0 0 160.9463976208255 -118.5380667577815 2.816787770348446e-15 
0.06683782466456029 -0.0271816730238986 -1.312730786894956e-18 1.0734798155478 -0.2573512776401169 -3.463316364509789e-17 4.381680203869458e-18 5.181689651024395e-17 8.887426241554152e-18 0 0 0 143.5139532135018 -71.63383856495068 -4.596403233109529e-15 
0.06317435067433651 -0.01291106856429838 1.048965416456016e-18 1.124811147375235 -0.03261579555108075 -1.932063310305542e-17 4.144832625266794e-18 -3.58043892196831e-17 5.157929646623149e-18 0 0 0 131.7326743884227 -20.61285206568077 7.212534582642676e-16 
0.06016947080800647 -0.0118019889211817 2.220446049250315e-18 1.10565447351278 -0.0287147746348154 -1.776356839400252e-17 -2.54611146980799e-18 -3.865440294004514e-18 -3.141277965243166e-19 0 0 0 125.1057274400773 -35.01908376158199 0 
0.08057378768657901 0.03388730508085165 1.665334536937737e-18 1.683102940472603 -0.02743738549627212 8.881784197001263e-18 -9.106434501147476e-18 -3.429126405511385e-17 7.781553525771214e-19 0 0 0 121.2520976644205 -12.88747444236154 0 
0.1385846591750764 0.0841441155212022 2.220446049250315e-18 2.602616935821574 -0.02689266654072834 8.881784197001262e-18 -1.976784621410292e-17 7.188968272404847e-18 4.722536665356147e-18 0 0 0 118.015275111242 -39.84421902278898 0 
0.1795038024455897 -0.03025667926946653 2.775557561562894e-18 2.547789122377 -0.02690250063217004 0 -1.468801931932663e-17 3.289381604024336e-17 6.160656378702473e-18 0 0 0 77.08371266625832 -124.4731911432176 -2.842170943040404e-16 
0.1592648024301632 -0.1019883664564949 1.665334536937732e-18 1.196363519228091 -0.02690745432589392 0 -5.690142367706045e-18 2.698097990430867e-17 2.279019329344882e-18 0 0 0 23.28267638588466 -38.88973368066367 -4.263256414560594e-16 
0.1213027031418372 -0.07160650355860759 2.220446049250315e-18 0.2179312936478206 -0.0277948537008328 -1.110223024625158e-18 -1.276105957015814e-19 4.756379556714444e-18 1.819204471763085e-19 0 0 0 2.240425190597036 -0.3253077527560058 0 
0.1033558965207102 -0.005577016567461585 0 0.01102713120228692 -0.001533991121023813 -3.469446951953656e-20 1.619075244245081e-20 -2.270561227995173e-19 2.442209280278889e-21 0 0 0 0.04042415586228564 -0.0007986823680987724 0 
0.1001890152835844 -0.0003728969386075412 5.551115123125789e-19 9.008638142519199e-05 -0.0008303114458929122 -2.710505431213764e-21 -1.807003620809675e-23 -2.127830704355789e-22 1.094833530453285e-23 0 0 0 0.00254627889481999 -0.0007429331735865024 0 
0.09999900330863544 1.699998067811536e-05 0 -1.171239423369942e-07 1.805154390415057e-06 -5.823351512373321e-23 -1.807003620809273e-23 1.16234473614561e-23 -1.731427261355257e-23 0 0 0 0.002499965216847634 4.313153440253724e-07 0 
0.1000000000273239 2.618884293453794e-08 5.551115123125741e-19 3.019120706751417e-12 2.259270523963063e-09 1.087494351323457e-22 1.153747705332073e-35 1.529951869535725e-23 7.754867209680608e-24 0 0 0 0.002500000000956294 4.474093757153902e-10 -8.673617379883971e-21 
0.1000000000022794 4.079505830367775e-11 5.55111512312579e-19 2.98354467289282e-13 -9.710725186203355e-13 -4.243907082149783e-23 -1.028557556969502e-38 1.271438678446877e-22 4.402876059489343e-24 0 0 0 0.002500000000079781 3.950290615450952e-14 -8.673617379884046e-21 
0.09999999999999724 1.333696608013517e-10 -6.441047967052697e-27 -3.268312541900565e-14 -3.033577509333882e-14 3.095176965176098e-23 3.614007241616656e-24 -6.967715729010589e-23 -3.066665425394992e-24 0 0 0 0.002499999999999908 3.289062815506321e-12 -1.588443071237901e-28 
0.1000000000001858 6.927618201313407e-13 0 1.097260453793621e-14 -3.678199471381678e-13 7.935502730948809e-25 -5.877471754111439e-39 -1.421122351945166e-24 -1.744769992724544e-23 0 0 0 0.002500000000006518 2.556006621634587e-15 8.673617379884046e-21 
0.1000000000005618 -4.882838924857924e-11 -2.775557585144419e-19 -5.416921217137092e-14 -1.043317078033664e-12 -3.75640658270826e-23 -2.891205793294608e-23 -1.429477381498363e-22 -8.644126521308951e-24 0 0 0 0.002500000000019673 -1.113855101902998e-12 8.673617326090745e-21 
0.09999999999880803 -5.226602137198291e-10 0 2.553538642106658e-13 2.268095029861291e-12 -4.757358848656111e-24 -1.689773129307039e-38 -7.060796988227592e-25 -1.246973271347775e-24 0 0 0 0.002499999999958296 -1.303335423526872e-11 0 
0.09999999999930073 1.082353043996283e-09 -2.643637194479152e-26 -3.119383402042537e-13 1.340532956614575e-12 6.565450871013073e-23 -3.614007241615177e-24 -5.830205819072693e-23 3.027057486895336e-24 0 0 0 0.00249999999997554 2.67358306175503e-11 8.673616726863856e-21 
0.1000000000006565 1.460470199637901e-10 2.220446049250316e-18 1.565215767181095e-13 -1.231641880191804e-12 -5.112947418502451e-23 -4.336808689942063e-23 -2.020906533904597e-22 1.464513487768434e-23 0 0 0 0.002500000000022979 3.331259964059456e-12 8.673617379884046e-21 
0.1000000000000427 4.669646180149891e-10 5.551115234589263e-19 -8.598566210902253e-14 -1.190214709679836e-13 2.966242836299823e-23 3.252606517456222e-23 -1.123900184180304e-22 -4.293340550679211e-24 0 0 0 0.002500000000001487 1.145841912022014e-11 -8.673617106373894e-21 
0.100000000000887 8.950574656441076e-11 0 -1.087069462228764e-14 -1.688242618849886e-12 7.046176287371271e-23 1.084202172486032e-23 1.397256701193897e-22 4.315203534495277e-24 0 0 0 0.002500000000031044 2.194297803355385e-12 -8.673617379884141e-21 
0.1000000000000925 -3.757426227796208e-10 2.77555746874521e-19 1.019214453575719e-13 -1.870601428118529e-13 -7.004940099553536e-23 -9.26289548447963e-36 7.275483772869121e-23 -1.667662928117741e-23 0 0 0 0.00250000000000325 -9.265113361852584e-12 -8.673617608755145e-21 
0.09999999999955619 -2.805568277697302e-12 -2.775557561562895e-19 -4.045294492901105e-14 8.497762437704929e-13 6.122896614100593e-23 1.910178320086217e-38 -3.209726366873303e-25 1.846601927715776e-24 0 0 0 0.002499999999984475 -1.141122786540998e-14 0 
0.09999999999962771 4.778356529899748e-11 0 3.225014329663582e-14 7.169353423694461e-13 -7.188762908611666e-23 3.614007241616928e-24 -6.920455963070837e-23 -5.697719762744561e-24 0 0 0 0.002499999999986977 1.120487708693157e-12 0 
0.1000000000000473 3.545878000943415e-10 2.220446049250306e-18 -8.035439929185413e-14 -8.966284672344372e-14 1.782279019465793e-22 -1.084202172485453e-23 -2.635735106900787e-24 8.114638987339936e-24 0 0 0 0.002500000000001658 8.717161649636486e-12 -8.673617379884009e-21 
0.1000000000003483 3.220774341672352e-12 0 4.585859377422464e-14 -6.714429363998612e-13 -3.566197993663312e-22 1.445602896647338e-23 -5.610994764630849e-23 1.235511395643359e-23 0 0 0 0.002500000000012195 1.356879018865614e-14 0 
0.1000000000003256 1.973651277131782e-11 5.551115127946413e-19 -4.325019208514271e-14 -6.28830890452357e-13 8.138826167984087e-23 -1.851403602545103e-37 -1.58596851503632e-23 7.32698507840484e-24 0 0 0 0.002500000000011402 5.428112386657299e-13 1.325811377422389e-29 
0.1000000000000467 -3.102561610401908e-10 5.551115124848048e-19 7.521323332668095e-14 -9.387624444075817e-14 -1.038880755866247e-22 7.196964162909458e-36 -5.598234096258574e-23 3.518977600391267e-24 0 0 0 0.002500000000001647 -7.632580006390631e-12 -8.673617375647098e-21 
0.09999999999986066 -2.661785722390951e-11 -2.775557568064282e-19 -5.38778778536047e-14 2.638841059688593e-13 1.425269800826161e-22 2.057115113939003e-38 -1.078367662420097e-24 6.791339073052375e-24 0 0 0 0.002499999999995127 -5.721036708608569e-13 -1.397357869297052e-29 
0.0999999999999768 -1.785485821692568e-10 0 4.051587768986288e-14 5.2080935243167e-14 2.457906302761214e-25 -4.40810381558358e-39 -4.638124243890259e-27 3.123685034403301e-24 0 0 0 0.002499999999999203 -4.38388203776588e-12 -8.67361737988404e-21 
0.09999999999978942 -1.337298327630526e-12 0 -1.898350412051403e-14 4.029351395143686e-13 -6.951687922849902e-23 0 8.182972879631962e-25 -1.576555714791887e-23 0 0 0 0.002499999999992634 -5.670377362099212e-15 0 
0.09999999999990626 2.312429761563982e-11 5.551115123125789e-19 5.571302215865089e-15 1.803645596237119e-13 -3.923816293783536e-23 3.526483052466863e-37 4.151566624594821e-23 -2.055824553940796e-23 0 0 0 0.002499999999996728 5.444809100113576e-13 0 
0.1000000000001046 8.827574088376995e-11 2.220446049250311e-18 -2.834037842366492e-14 -1.981168970132405e-13 2.844087486686704e-22 7.228014483236193e-24 1.309386886538008e-22 -1.009423202221182e-24 0 0 0 0.002500000000003674 2.189150553541523e-12 0 
0.1000000000000358 -7.631391178708486e-11 1.665334536026937e-18 3.629826786366734e-14 -6.924432883276784e-14 -1.282642360113609e-22 -1.807003620809106e-23 1.693813089470855e-23 5.116014636746762e-24 0 0 0 0.002500000000001249 -1.902671813505676e-12 8.673617357175847e-21 
0.09999999999995252 5.42399024999751e-11 -5.551115116501754e-19 -2.680392551431309e-14 8.760673580910841e-14 -1.268146363791461e-22 2.2099293795459e-36 8.404442631884103e-23 -2.040534602685297e-23 0 0 0 0.00249999999999835 1.3502613198553e-12 -8.673617363394023e-21 
0.1000000000000397 -3.217747249206765e-11 -1.942890293094025e-18 1.684194496827919e-14 -7.359153728255175e-14 9.99860002568376e-23 -2.529805069132937e-23 1.307603760385333e-23 9.036956627838227e-23 0 0 0 0.002500000000001388 -8.100264166019401e-13 -8.673617379884042e-21 
0.0999999999999705 1.645593383781118e-11 1.004836615114541e-28 -8.940995166461804e-15 5.392105224520931e-14 6.323128919194928e-23 -7.228014483236816e-24 -2.473979329499081e-23 7.027354825476483e-23 0 0 0 0.002499999999998978 4.294917828502608e-13 2.622574164142171e-30 
0.1000000000000184 -5.061446053944427e-12 -5.551115122816717e-19 3.47405761565635e-15 -3.451889299990053e-14 1.225220494482367e-24 1.445602896647305e-23 1.542623260464895e-22 7.634500200258653e-23 0 0 0 0.002500000000000652 -1.348368031811597e-13 -8.673617379060689e-21 
0.1000000000000021 -1.149254302834634e-13 0 -1.646010411304741e-15 -5.421999609847041e-15 -2.290043565220061e-25 4.701977403289149e-38 -1.410624374168545e-23 9.794007056336975e-23 0 0 0 0.002500000000000091 -4.906014830496907e-16 0 
0.1000000000000021 -8.418092611872653e-12 -2.570139066310184e-29 1.697855744886576e-15 -3.865692898943085e-15 -1.592862151946754e-23 1.084202172485558e-23 -1.402869163397008e-22 3.865175070684261e-23 0 0 0 0.002500000000000076 -1.970700078818277e-13 -6.016770655870322e-31 
0.09999999999999053 -1.662125298507177e-12 2.775557561525986e-19 -3.66072218834416e-16 1.802546720218913e-14 1.142574870430861e-22 -1.175494350822288e-38 -1.902267604627176e-24 1.195238846400161e-23 0 0 0 0.002499999999999667 -4.949111866853205e-14 -1.098923589205205e-31 
0.09999999999999776 7.85135845227103e-13 0 -4.809097564617546e-16 4.050069649953886e-15 -8.674939077668662e-23 -1.763241526233431e-38 1.376428566447498e-23 1.254258235347129e-23 0 0 0 0.002499999999999929 2.45409161742094e-14 8.673617379884039e-21 
0.100000000000007 -5.906733435701027e-14 0 -6.080314492636536e-16 -1.391566947234652e-14 1.551773811842033e-23 6.612155723375366e-39 3.172585039910081e-25 2.286394308900055e-24 0 0 0 0.002500000000000259 -1.707618421664669e-16 8.673617379884039e-21 
0.09999999999999663 -6.387078366199009e-12 -2.775557561562892e-19 1.818835822694106e-15 5.98633282952299e-15 -2.683210871661018e-23 1.46936793852786e-39 -1.228205448791245e-24 -2.252611481905719e-24 0 0 0 0.002499999999999891 -1.475815997187269e-13 0 
0.09999999999999332 2.725597525454761e-12 -5.551115123042569e-19 -1.452616036716008e-15 1.178192626488027e-14 -1.809784031894923e-23 -3.614007241618373e-24 -5.533272992956735e-23 7.527748870736358e-23 0 0 0 0.002499999999999778 7.355905164499471e-14 2.245841202161264e-31 
0.1000000000000144 -8.092485015431796e-14 -5.551115123125784e-19 -9.710329762491182e-16 -2.791171443506997e-14 -4.179321178127599e-25 0 -1.225310186946814e-24 7.496662811553363e-23 0 0 0 0.002500000000000517 -3.117081245895822e-16 0 
0.09999999999999985 -1.119486447986869e-11 -2.775557561562895e-19 2.654023066132417e-15 6.361853245638316e-16 2.34204993037157e-26 0 3.370238359763299e-25 5.789106836371895e-23 0 0 0 0.002500000000000004 -2.707822030836851e-13 0 
0.09999999999995358 1.925543058334261e-13 -2.77555756156289e-19 2.645805796674948e-15 9.001662485023767e-14 8.82459030744431e-24 -2.350988701644576e-38 1.306889809314028e-23 5.330491308745768e-23 0 0 0 0.002499999999998388 9.947554932554533e-16 0 
0.09999999999990607 3.352830166281075e-11 0 2.853765603459071e-15 1.763593113182867e-13 -6.333896074008419e-23 1.445602896647294e-23 -6.905492061059915e-23 9.197474945752129e-24 0 0 0 0.002499999999996711 8.157753986215437e-13 0 
0.1000000000001401 8.816723393034771e-11 0 -2.975791719521602e-14 -2.640386239382208e-13 9.077902038565014e-23 -7.228014483233899e-24 1.264095272804095e-22 1.041589350059798e-23 0 0 0 0.002500000000004919 2.188719583177963e-12 0 
0.09999999999997652 -9.82327066911819e-11 -1.199662340137797e-27 4.855449098339776e-14 4.291157377307931e-14 -1.855176608715882e-23 -4.408103815583577e-38 2.417103806785614e-24 -4.736613575444365e-24 0 0 0 0.002499999999999182 -2.45451445626822e-12 -8.67361740985967e-21 
0.09999999999991699 1.092449047890297e-10 0 -4.173125895771006e-14 1.517499204245515e-13 -1.665423402647309e-23 -7.228014483234495e-24 2.730879030802065e-23 -7.004801548469618e-24 0 0 0 0.002499999999997108 2.728194189657859e-12 -8.67361737988404e-21 
0.1000000000002453 -2.25275527399038e-11 0 4.047396677071523e-15 -4.654818916439601e-13 -7.722517859603826e-25 -1.084202172485516e-23 -2.792700444111896e-23 1.199872280837927e-23 0 0 0 0.002500000000008599 -5.424642939705346e-13 0 
0.1000000000000217 -1.221237954512899e-10 1.491431145210984e-27 2.159916620558982e-14 -5.156570171581886e-14 2.549826053999069e-23 3.614007241616833e-24 -8.452608957414557e-25 -8.959294198947993e-24 0 0 0 0.002500000000000779 -3.006274428615091e-12 8.673617416598014e-21 
0.1000000000001291 -4.753918612931972e-11 5.551115134473295e-19 -3.387998539124288e-14 -2.448943900909193e-13 -7.909127686430122e-23 0 5.364991099364055e-25 -9.98529683195617e-24 0 0 0 0.002500000000004519 -1.097150256930417e-12 -8.673617353695293e-21 
0.0999999999999539 -2.442437311428471e-10 -2.775557503262405e-19 5.395067980325066e-14 9.167273858619869e-14 7.152994903310852e-23 -3.012204273982109e-38 2.079604335827366e-26 1.730865338339143e-24 0 0 0 0.002499999999998389 -6.021442025550024e-12 -8.673617236153423e-21 
0.0999999999996956 -1.668890720063494e-12 0 -2.435562931890621e-14 5.882423472535065e-13 2.254815418290646e-22 -1.028557556969502e-38 -3.500538227980346e-25 -3.358843250414896e-24 0 0 0 0.002499999999989358 -6.860289246402058e-15 8.673617379884046e-21 
0.09999999999962744 4.780546618288169e-11 4.440892098500632e-18 3.22069174570614e-14 7.14160591815219e-13 1.721676490672639e-22 -3.252606517456537e-23 -1.71097760661483e-22 -1.750745096330595e-23 0 0 0 0.002499999999986964 1.120764180247141e-12 -8.673617379884046e-21 
0.100000000000047 3.54586672524083e-10 -5.55111512312578e-19 -8.034742339051615e-14 -9.014058816975319e-14 -3.730843884543982e-22 1.807003620810466e-23 5.519540909609913e-23 4.317958285791444e-24 0 0 0 0.002500000000001663 8.717213149239702e-12 -8.673617379884031e-21 
0.1000000000003717 3.012520788381336e-12 0 4.316076593346983e-14 -7.188529300508327e-13 -9.839297583856623e-23 -1.445602896647339e-23 5.732665539906118e-23 -1.367487303360741e-25 0 0 0 0.002500000000013016 1.251440357591399e-14 8.673617379884046e-21 
0.1000000000004421 -3.598857323261499e-12 0 -5.12352734312789e-14 -8.501281180813829e-13 3.772066731273672e-23 1.763241526233432e-38 1.99196050332132e-24 -9.952864880450349e-24 0 0 0 0.002500000000015479 -1.527911911575203e-14 0 
0.1000000000000244 -4.206756037267148e-10 1.015820137013182e-26 9.909198091703273e-14 -3.278955755609426e-14 5.455223149916149e-23 1.084202172484657e-23 -1.627594150089299e-23 7.440181112709765e-24 0 0 0 0.002500000000000857 -1.035271721865414e-11 2.499906942629325e-28 
0.0999999999989979 -2.098937343375499e-11 -2.775557556494548e-19 1.876478255186758e-14 1.905696333474055e-12 3.694765221381499e-23 7.346839692639298e-39 -2.629071424170026e-25 3.087566547654852e-24 0 0 0 0.002499999999964919 -5.369253761218448e-13 1.296532540290303e-29 
0.09999999999997727 5.314440727766114e-10 0 -1.312191050262183e-13 5.005723899717137e-14 -3.64418674922592e-23 1.44560289664605e-23 -1.132931481041302e-22 2.329766151581889e-23 0 0 0 0.002499999999999218 1.307144496809357e-11 0 
0.1000000000006985 3.383404667545179e-12 0 4.856713434198128e-14 -1.34018753407048e-12 1.267994571777593e-24 1.175494350822288e-38 -5.275701244057887e-25 1.277966697982374e-23 0 0 0 0.00250000000002445 1.367449990047348e-14 0 
0.1000000000005359 -1.370496598152019e-10 2.775557561562895e-19 -2.993292835813915e-14 -1.032632272100508e-12 1.436240170021779e-22 -1.445602896647519e-23 5.654037519856103e-23 1.658863017312077e-23 0 0 0 0.002500000000018763 -3.29267862975156e-12 -8.673617379884046e-21 
0.09999999999985994 -5.108264939518413e-10 -1.219332370623833e-26 1.074412295242906e-13 2.682782368858836e-13 -1.437313370809611e-22 -8.228460455756005e-38 6.286572279533161e-25 1.491379323841194e-23 0 0 0 0.002499999999995099 -1.256098903276015e-11 -8.673617679712242e-21 
0.09999999999936914 -3.649164304064827e-12 0 -5.114977053022324e-14 1.203426215725904e-12 -1.972274921456963e-23 -2.057115113939003e-38 -7.757004642333676e-26 -7.688227625835031e-24 0 0 0 0.002499999999977924 -1.569653695215896e-14 0 
0.09999999999995372 8.901664128035985e-11 8.548650088647952e-27 -1.593675677535635e-14 9.704452648137079e-14 -2.001063190553729e-23 -1.645692091151203e-37 4.166703361484706e-25 4.170234906382089e-24 0 0 0 0.002499999999998389 2.191436864872757e-12 -8.673617169430957e-21 
0.1000000000002314 4.38122194773569e-11 -5.551115102210015e-19 -1.579466650063325e-14 -4.709836583504168e-13 -5.182200433680018e-23 3.614007241618562e-24 -3.968929594307368e-25 -7.220006913525379e-24 0 0 0 0.0025000000000081 1.091815982241778e-12 -8.673617327761199e-21 
0.1000000000013092 -1.430809897645677e-10 2.775557493256616e-19 -1.078992390804419e-13 -2.489448123591029e-12 7.045389122972027e-23 -4.790139479600822e-37 1.435016024767021e-23 -1.032242218479595e-23 0 0 0 0.002500000000045826 -3.33059046921801e-12 8.673617220883021e-21 
0.09999999999981075 -1.197229208133016e-09 2.775558136438166e-19 2.796372045956979e-13 3.537825635024013e-13 -2.59494139540149e-23 -9.110081218872714e-38 4.966722316410566e-25 -9.031774348336152e-24 0 0 0 0.002499999999993396 -2.949809043946734e-11 8.67361879629808e-21 
0.09999999999883151 3.326518747959177e-11 1.588066413507558e-27 -1.672022809558371e-13 2.22392569337465e-12 2.776425480273623e-23 3.085672670908505e-37 2.643776280786747e-23 9.911650890825227e-24 0 0 0 0.002499999999959103 1.047564270571782e-12 5.001028883742841e-29 
0.1000000000000493 -8.849080322670194e-11 2.775557561562925e-19 2.753611135405212e-14 -7.265840067838857e-14 8.108699389366029e-23 -1.445602896646999e-23 -8.278239808064565e-23 9.202084490152177e-24 0 0 0 0.002500000000001729 -2.188668083574712e-12 0 
0.1000000000046003 1.864246604310623e-11 0 -5.666659997719908e-13 -4.361979393605609e-12 -9.496400978181729e-24 2.057115113939003e-38 -1.295520464711966e-24 -1.00516500253582e-23 0 0 0 0.002500000000161017 1.781940480588558e-12 8.673617379884046e-21 
0.1000000000174013 -4.098766469458314e-08 -2.220444092516006e-18 -2.278542751924085e-12 3.520645648761622e-09 -2.440870932096515e-22 -1.084202172485462e-23 8.574437276570299e-23 -3.334051643207396e-24 0 0 0 0.002500000000608909 -6.447143085239504e-10 3.077839679402883e-26 
0.09999899382675505 -1.727620042571087e-05 -2.775557561562887e-19 1.184760287721149e-07 1.66036831046782e-06 1.164670302474661e-23 1.880790961315663e-37 9.665626272253505e-25 9.107300520414191e-24 0 0 0 0.002499964838952044 -2.257533115442937e-07 0 
0.1001670272765441 0.0007327068043436048 -4.067339822408953e-22 -4.348768109266411e-05 -0.0006953906483109617 1.470221526917428e-21 -3.614007241617539e-24 8.750798424399145e-23 2.539927614695352e-23 0 0 0 0.002514705050148188 0.0002518141518803785 -1.397849346720264e-22 
0.1032399582747522 0.0009128752540318901 -5.55111512312579e-19 -0.005344996517345927 -0.0007206625569731299 0 1.264902534566422e-22 1.885688769370373e-21 4.442801320058225e-23 0 0 0 0.01142005245247189 0.0002520059650352156 3.469446951953618e-20 
0.1167624049626098 0.0009261887731030208 5.55111512312579e-19 -0.08947954463363279 -0.0007206933813633273 2.775557561562895e-19 -6.096830216610151e-21 -9.467297276765765e-20 5.477452126004044e-22 0 0 0 0.4630702718874894 0.0002520059714329625 0 
0.1272593530284724 0.0009870724658332349 -5.074411421460199e-19 -0.3596489083988737 -0.0007206986029469026 -3.480592395209736e-20 1.91108702936648e-20 6.415009455017778e-19 1.380456074671513e-20 0 0 0 3.834225583267989 0.0002520059709784625 1.777573894716509e-17 
0.1000950463693602 0.0008140638606919346 5.55111512312579e-19 -0.4890274520114526 -0.0007210640180596614 0 1.480297366166874e-20 -1.151913454229725e-18 3.999044131525182e-20 0 0 0 10.21284143869455 0.0002520059711685906 3.552713678800505e-17 
0.07302552682765023 0.001013003810394651 8.326672684688613e-19 -0.2458269501946919 -0.0007205905607101144 0 -1.184237892937473e-19 -4.538021696798677e-19 -2.288575307779865e-21 0 0 0 17.29425831528904 0.0002520059423583011 0 
0.08724167271561165 0.001224714779923021 1.328631545975234e-18 -0.1240011979696167 -0.0007200455018293579 3.477438262852973e-20 -1.480297366166839e-19 3.740589713328833e-19 -3.716229253194895e-20 0 0 0 20.85368957364739 0.0002520059456112542 -7.106644412794756e-17 
0.09481778634387966 0.002753161659440229 8.326672684688683e-19 -0.05641917357198254 -0.0007192899991116433 -2.775557561562895e-19 1.805559322863034e-35 -4.390540633099311e-19 1.018064639696901e-20 0 0 0 23.24558525826828 0.0002520059466659685 0 
0.09815552791650427 0.005750430588758551 2.775557561562925e-19 -0.02116447590332533 -0.0007147117597441267 -3.469446951953656e-19 -2.725190871307939e-32 3.065961166895279e-19 7.940447587727329e-20 0 0 0 24.36175625901245 0.0002520059506183555 7.105427357601088e-17 
0.09943073790379052 0.003657294000808515 -8.326672684688683e-19 -0.006682803780593841 -0.0006490155068571499 -4.163336342344342e-19 0 4.753685113009349e-19 -9.901393714109891e-20 0 0 0 24.80107872993332 0.0002520060907951264 0 
0.09984686591850157 0.001834015682894563 5.551115123125774e-19 -0.001796009785099775 0.0004613141453300168 -3.816391647148969e-19 -5.921189464689266e-20 -3.459841098559723e-19 -3.016046179648619e-19 0 0 0 24.94637747164737 0.0002520100148784013 0 
0.09996360329164784 0.0005416857194562157 2.220446049250316e-18 -0.0003825400020990022 0.001643187024065227 1.268516541808042e-19 3.256654205567124e-19 -3.594538779397907e-19 1.76692753472685e-21 0 0 0 24.98725901272629 0.000252223405383668 7.105427357601011e-17 
0.09999544876957814 6.261955555766017e-05 2.989431911992069e-21 -4.313455213391811e-05 0.0005046611584824286 -2.362135020862336e-18 2.960594732333275e-20 -1.059644695119822e-18 -5.068212161277411e-21 0 0 0 24.99840707032187 1.170434601460706e-05 5.58760680644648e-22 
0.1000000562108335 -1.564545404255495e-07 3.330669073875473e-18 6.769317790921133e-07 -3.296313893260854e-06 3.136086547649847e-19 -4.429638872090643e-33 -3.49740061008598e-19 1.982202696175565e-19 0 0 0 25.00001967346702 -0.0001041115717637082 0 
0.09999999034140689 1.190781407940046e-07 5.551172631558199e-19 -1.595541811145205e-07 9.448496711213529e-07 -1.504734469831642e-19 2.960594732361278e-20 9.388032629389712e-19 8.408278784697137e-19 0 0 0 24.99999661949348 4.174129671908074e-05 -7.105225769253772e-17 
