0.09616908940777344 -0.002413477890547699 0 0.05450003496849005 0.2824729238117521 -2.775557561562894e-18 -1.657933050106758e-18 2.629250318530312e-18 -8.93830765888211e-19 0 0 0 236.7186731822528 -8.288561385852624 1.136868377216162e-15 
0.09448535268755216 -0.006581922825851455 -1.069906782142319e-18 0.167950984913961 0.3216835938213014 -1.109472106544842e-17 4.263256414560622e-18 1.043195188515232e-17 2.411152426462726e-19 0 0 0 231.0806919157538 -22.31165875266955 -5.933347619765892e-17 
0.09126498748965323 -0.01131504677630842 2.775557561562894e-19 0.3025751148299982 0.3903736228277855 2.220446049250315e-18 4.73695157173573e-19 -6.01319764961871e-18 3.806188600402748e-18 0 0 0 220.4559266130277 -36.03131989056629 1.136868377216162e-15 
0.08658021096155964 -0.01660647661062547 2.775557561562887e-19 0.4615846610702851 0.4641032709928143 -8.881784197001239e-18 1.03229845019156e-30 -4.280126574487703e-18 6.051724421863748e-18 0 0 0 205.263969343818 -47.72891391933729 -5.684341886080793e-16 
0.08049416506446876 -0.02048362965387653 2.775557561562894e-19 0.6428876957435313 0.5212974520613404 -6.661338147750947e-18 -4.736951571735699e-19 -3.225099783707517e-18 6.343480945686515e-18 0 0 0 186.5132451107764 -56.48839711478421 0 
0.07343671258491209 -0.01924098637188408 -2.775557561562925e-19 0.8209381865239566 0.4871791480013419 0 9.47390314346804e-19 9.025008237788548e-18 7.597607852280919e-18 0 0 0 166.8683482571568 -53.84828867813663 5.684341886080871e-16 
0.06783953730383165 -0.01373420718406537 2.775557561562894e-19 0.9427950932014947 0.3493996283462082 2.220446049250315e-17 1.065814103640079e-18 -5.203175258317596e-18 7.170853531162495e-18 0 0 0 152.9246217400811 -35.72134134398243 0 
0.06402358308134343 -0.01102227166752796 -1.139135806012325e-18 1.041923759038128 0.110505457577308 3.469254364249584e-17 8.171241461241141e-18 3.216165252897119e-17 9.227680390382234e-18 0 0 0 140.6874771379803 -38.16072539120273 -2.157261933730986e-15 
0.06168710150971918 -0.008220509812213794 -1.194513119876497e-19 1.088369383698337 -0.1195422292683424 -1.909593258317162e-17 1.800041597262301e-17 3.188183885308822e-17 9.359474540588645e-18 0 0 0 133.1356453760618 -29.49354969865941 -1.992816369580009e-15 
0.05962069068116616 -0.0151866678554321 -4.474495416224366e-19 1.136657370320214 -0.2105341246881291 -3.669616539702057e-17 2.356633406937499e-17 -7.253274301196962e-18 7.882678864740099e-18 0 0 0 126.2716992211163 -48.54402872758681 -2.885906219869656e-15 
0.05688137390284643 -0.005339728440663042 8.326672684688683e-19 1.182113145537141 -0.6250272710847815 -1.776356839400252e-17 1.213843840256658e-17 -7.828565426687503e-17 6.10128882044918e-18 0 0 0 119.6519428739195 -62.41760884288941 0 
0.06100853397610021 -0.002218742104609772 1.110223024625158e-18 1.272799743904395 -0.6848851089265626 -2.220446049250316e-17 -1.645735775666414e-18 -1.247501195586801e-17 4.285826532943043e-18 0 0 0 121.4675965563996 -61.88417066176915 -1.705302565824242e-15 
0.08153358616471335 -0.002096744559615448 1.110223024625158e-18 1.682318246548271 0.9712056112256082 1.776356839400252e-17 -2.004277820099882e-18 2.679516766233324e-18 3.858995844231579e-18 0 0 0 126.0184876268618 -61.10964822445487 -1.705302565824242e-15 
0.1287228696395876 -0.002038233106784791 2.220446049250315e-18 2.610768149372917 0.08175686335465705 -8.881784197001262e-18 -1.048397479941209e-17 -2.542671070312264e-17 1.050113558406881e-17 0 0 0 132.9386802755842 -87.11900614428896 -5.684341886080808e-16 
0.1945268070062141 0.006133496818120771 0 3.528610802947379 -0.2421112433974223 1.776356839400247e-17 -1.648151016708488e-17 4.680772765258412e-17 1.762446853269216e-17 0 0 0 121.2572486475244 -170.134940013296 -1.705302565824238e-15 
0.226340348023495 0.006005657085986415 -1.110223024625158e-18 2.947304412336074 -0.2470266525595854 4.440892098500631e-17 2.054563116851291e-19 4.298311379154967e-17 7.892677899606656e-18 0 0 0 65.05066996479756 -195.1818666459441 -1.278976924368182e-15 
0.1579298766308489 0.005944429056649996 -5.55111512312585e-19 0.8631984303629151 -0.3287469818044484 5.773159728050884e-17 2.491236383850407e-18 -1.880796494522449e-17 1.478080521324064e-18 0 0 0 12.72151764558984 -18.10806923584611 -3.552713678800544e-17 
0.1152902708898398 0.002755950427419395 0 0.1206424205129102 -0.03727326301609826 0 -2.571727553135232e-20 7.626660887338828e-19 8.902915034475896e-20 0 0 0 0.9833480487546488 -0.0905552883002446 4.440892098500631e-18 
0.1020820200468451 -0.002314972059059606 5.551115123125789e-19 0.004541190408126633 -0.0003860534207903089 -1.734723475976809e-20 9.830099697202624e-22 -1.512375942652989e-20 8.321715812520292e-22 0 0 0 0.01270286509143626 -0.0001315421812267409 -6.938893903907236e-20 
0.1000831190382173 -0.0008821819449615767 -5.551115123125741e-19 2.230157574066526e-05 -0.0003817403190051194 -6.776263578034352e-23 -7.228014483246785e-24 -7.251865135995272e-23 2.339570827730892e-23 0 0 0 0.002507605723634985 -0.0001313366978432872 0 
0.09999976412269679 3.962889197350899e-06 -1.110223024625158e-18 -2.783028763361945e-08 2.679270533725373e-07 1.140806141802509e-22 -1.445602896647339e-23 1.640732973446222e-22 -1.18220125310049e-24 0 0 0 0.002499991749873481 -2.34855662586791e-08 0 
0.0999999997863642 9.7174773869973e-09 -4.693026704298642e-25 -2.529102454568946e-11 6.813396872246688e-10 -6.031317524878225e-23 3.614007241613466e-24 -1.229931003503393e-22 8.094423771486097e-24 0 0 0 0.002499999992522756 6.399793482702066e-11 8.673614289122882e-21 
0.1000000000002933 1.499781202007894e-11 0 1.849462643218245e-14 2.734786282751299e-13 -3.630527212444354e-26 0 -5.236367596620435e-24 -2.502706863781834e-23 0 0 0 0.002500000000010287 4.424900116456483e-14 0 
0.10000000000083 -4.900801986451664e-11 5.551115099457512e-19 -7.920552755333189e-14 -1.466528944902605e-12 -3.666443041459396e-23 -4.336808689941681e-23 -2.386919999129547e-22 -1.678861883061056e-23 0 0 0 0.002500000000029065 -1.069939492906472e-12 8.673617328211636e-21 
0.09999999999824233 -4.970707005724785e-10 0 3.717956528289126e-13 3.223024628161851e-12 -4.707000997692678e-24 2.821186441973491e-37 -3.582521924244257e-24 -3.631577875401995e-24 0 0 0 0.002499999999938504 -1.238815365393889e-11 8.673617379884031e-21 
0.09999999999896969 1.037287877120315e-09 -5.551115376482368e-19 -4.541208009162363e-13 1.911281466747202e-12 9.048392372760424e-24 -3.614007241620002e-24 -3.175772840087459e-24 -7.126392626859937e-24 0 0 0 0.002499999999963956 2.54527545958185e-11 8.673616758202868e-21 
0.100000000000969 1.469905360623739e-10 0 2.282464825937571e-13 -1.739790947160536e-12 5.006685847707037e-24 -5.059610138266594e-23 -1.976060584018376e-22 1.64306766462301e-23 0 0 0 0.002500000000033916 3.205029015622401e-12 -8.673617379884046e-21 
0.100000000000061 4.493765169005815e-10 1.072652534946092e-26 -1.252252549340781e-13 -1.909163072006682e-13 -1.168326754944836e-22 3.252606517454825e-23 -9.630869099507032e-23 -5.685291074105467e-24 0 0 0 0.002500000000002127 1.091840241265399e-11 2.606200276390025e-28 
0.1000000000013076 8.632946787989724e-11 1.665334536937755e-18 -1.584321493451252e-14 -2.399570963083121e-12 2.148773852597569e-22 1.80700362081006e-23 1.792523238677303e-22 6.314944250932622e-24 0 0 0 0.002500000000045763 2.091753961881706e-12 0 
0.1000000000001358 -3.602041408201667e-10 -5.551115212105072e-19 1.482147948354807e-13 -2.718910007176909e-13 -5.738040600534851e-23 1.445602896645367e-23 1.298434532396242e-22 -1.285561959816868e-23 0 0 0 0.002500000000004771 -8.819948081346327e-12 -2.178744349489788e-28 
0.09999999999934582 -4.08431968801361e-12 2.775557561562895e-19 -5.90520808178378e-14 1.21072619901163e-12 3.942009433120076e-23 1.46936793852786e-38 -6.018508093326626e-26 -7.579048569822214e-24 0 0 0 0.002499999999977115 -1.699757955914157e-14 8.673617379884046e-21 
0.0999999999994514 4.737503792040495e-11 5.55111512312579e-19 4.7096423289059e-14 1.023756333662875e-12 -1.787397686706468e-22 1.084202172485262e-23 -8.203696993972367e-23 -1.353737621242321e-23 0 0 0 0.002499999999980811 1.073953751450079e-12 -8.673617379884046e-21 
0.10000000000007 3.405854591409519e-10 4.440892098500612e-18 -1.169142000804771e-13 -1.269966128622937e-13 4.263278325294824e-23 3.975407965779864e-23 -3.443167564842173e-24 5.59564699606395e-24 0 0 0 0.00250000000000245 8.30225103075344e-12 -8.673617379884009e-21 
0.100000000000513 4.717407020571349e-12 -5.55111512312579e-19 6.68818051866951e-14 -9.588540939093535e-13 -2.098458355260569e-22 1.445602896647339e-23 -5.518754611081311e-23 1.114725910394097e-23 0 0 0 0.002500000000017967 2.054563116860039e-14 8.673617379884046e-21 
0.1000000000004796 1.761993329019162e-11 4.30365223884861e-28 -6.308235161087078e-14 -8.986639520962355e-13 8.410771434664142e-23 -7.228014483236907e-24 1.128466546427164e-22 1.021097102033402e-23 0 0 0 0.002500000000016792 5.107920380068018e-13 8.673617392360092e-21 
0.1000000000000685 -2.978646843065932e-10 2.775557563216371e-19 1.094836228621347e-13 -1.359876729401867e-13 -1.075146882585542e-22 1.21516728516254e-35 -5.455358872336982e-23 3.563184182643688e-24 0 0 0 0.002500000000002417 -7.268838309038037e-12 -8.673617375849015e-21 
0.09999999999979436 -2.772148829932595e-11 2.775557554791947e-19 -7.852488173587885e-14 3.744018328356766e-13 1.46711821979052e-22 4.701977403289151e-38 -1.778216943956563e-24 -7.00988118298062e-24 0 0 0 0.002499999999992811 -5.554015363937177e-13 -1.356563061956285e-29 
0.09999999999996632 -1.715560853099419e-10 0 5.901589101667601e-14 7.893999753566646e-14 1.385034771950485e-24 0 -1.077750010690625e-26 6.315608465296092e-24 0 0 0 0.00249999999999884 -4.175934771588594e-12 -8.67361737988404e-21 
0.09999999999968961 -1.965094753586535e-12 2.775557561562895e-19 -2.767079065879581e-14 5.739039023000143e-13 -5.04499526829285e-23 1.763241526233432e-38 9.995843454039234e-25 -9.922679531903251e-24 0 0 0 0.002499999999989144 -8.681748896177713e-15 8.673617379884046e-21 
0.09999999999986189 2.25501908812653e-11 0 8.184832210140285e-15 2.576410523329404e-13 -5.112045340280112e-23 5.172175143618066e-37 -4.655321646534379e-25 -2.826379404488638e-23 0 0 0 0.002499999999995179 5.198749417067991e-13 -8.673617379884045e-21 
0.1000000000001543 8.450193669795619e-11 2.220446049250311e-18 -4.126259658030107e-14 -2.805169840741787e-13 5.190295735130339e-22 -3.614007241618048e-23 1.120261482496305e-22 -1.738595544483005e-24 0 0 0 0.002500000000005422 2.083579077501179e-12 0 
0.1000000000000526 -7.262038193012194e-11 2.498001804539887e-18 5.285755768266134e-14 -9.914955015093139e-14 -3.5854027914177e-22 -2.529805069132602e-23 -1.228495235935853e-22 1.930827726584502e-24 0 0 0 0.002500000000001841 -1.808781260621147e-12 -8.67361740147166e-21 
0.09999999999992984 5.160169166962268e-11 -2.775557560932705e-18 -3.905571745639757e-14 1.233331786999517e-13 -2.224488066789606e-23 7.228014483239966e-24 9.071789443767439e-24 -1.217237336461631e-23 0 0 0 0.002499999999997562 1.283719766771718e-12 1.567736766460035e-29 
0.1000000000000587 -3.05869912731183e-11 -1.942890293094025e-18 2.454315755259013e-14 -1.034384616581032e-13 1.945680384449737e-22 -1.445602896647472e-23 -2.973059610793457e-23 1.347314709882963e-22 0 0 0 0.002500000000002051 -7.700383299752435e-13 0 
0.09999999999995646 1.563029219942002e-11 9.544210654778298e-29 -1.303114236887204e-14 7.575683847197308e-14 1.036093578280977e-24 -1.084202172485526e-23 -8.023200266540275e-24 1.236851531682133e-22 0 0 0 0.002499999999998491 4.082603938075634e-13 -8.673617377391106e-21 
0.1000000000000271 -4.792780755602519e-12 2.775557561855549e-19 5.067830183280836e-15 -4.864827284785355e-14 -9.994527860979559e-23 1.445602896647274e-23 1.357984606673288e-22 1.13063211016463e-22 0 0 0 0.002500000000000961 -1.281242364807588e-13 7.823556254440125e-31 
0.100000000000003 -1.682681771697503e-13 2.775557561562895e-19 -2.401416334304087e-15 -7.990989836799906e-15 8.252255277689772e-23 1.410593220986745e-37 -1.362094348359018e-23 1.281749109317401e-22 0 0 0 0.002500000000000131 -7.264154555652879e-16 0 
0.100000000000003 -8.092701855866304e-12 -2.470793581247614e-29 2.471061087231775e-15 -5.392025496118195e-15 1.311688897251158e-23 1.084202172485604e-23 -1.226966789214347e-22 7.634119708551744e-23 0 0 0 0.002500000000000112 -1.877390929348744e-13 -5.731887248959839e-31 
0.09999999999998613 -1.627430828987641e-12 2.775557561526756e-19 -5.342885855963589e-16 2.559969828185302e-14 9.257719200458545e-23 -2.350988701644575e-38 -3.121069972669666e-24 1.948374586150777e-23 0 0 0 0.00249999999999951 -4.726443845678995e-14 -1.049481356414139e-31 
0.09999999999999667 7.448902605844411e-13 -5.551115123125785e-19 -6.972776522839978e-16 5.781910383384665e-15 -8.355282336251079e-23 -1.445602896647344e-23 1.296611909075297e-23 9.062977322558538e-24 0 0 0 0.002499999999999895 2.331305721386956e-14 -8.673617379884039e-21 
0.1000000000000104 -8.673617379884034e-14 0 -8.859901238592953e-16 -1.968732399405959e-14 1.43784912157328e-23 5.877471754111436e-39 6.698263175655013e-25 7.93890740311999e-24 0 0 0 0.00250000000000038 -2.683400376901623e-16 -8.673617379884039e-21 
0.09999999999999513 -6.126522900107293e-12 0 2.647319169435371e-15 8.485035008654465e-15 1.018587925385377e-22 -5.877471754111439e-39 -1.96443628758944e-24 -3.04638826174497e-24 0 0 0 0.002499999999999838 -1.404529704346347e-13 -8.673617379884037e-21 
0.09999999999999018 2.57831950234433e-12 -2.220446049242442e-18 -2.112654033196507e-15 1.656554988910158e-14 -1.460726574046103e-22 5.059610138265651e-23 -6.826444059217235e-23 1.172834677759888e-22 0 0 0 0.002499999999999672 6.988089577483763e-14 2.133542935443028e-31 
0.1000000000000212 -1.201296007113938e-13 -5.551115123125784e-19 -1.414273790671197e-15 -3.954676153471107e-14 1.728724215967282e-23 4.701977403289149e-38 -1.960991006915261e-24 1.232769049022341e-22 0 0 0 0.002500000000000762 -4.851804721872627e-16 0 
0.09999999999999983 -1.074314248672433e-11 -2.775557561562895e-19 3.852883752782546e-15 1.359215355034806e-15 2.085512995082421e-25 0 4.665141509089211e-25 9.859120758277508e-23 0 0 0 0.002500000000000009 -2.577880400464464e-13 0 
0.09999999999993167 2.929947950924836e-13 -2.77555756156289e-19 3.83748287776283e-15 1.291713507528715e-13 8.026514055346252e-24 1.88079096131566e-37 1.204303423579293e-23 9.53509642535764e-23 0 0 0 0.002499999999997623 1.61817174243462e-15 -8.673617379884033e-21 
0.09999999999986128 3.255768050991483e-11 -1.110223024625156e-18 4.19589155087701e-15 2.491153491010688e-13 4.137944559057202e-23 3.614007241617316e-24 6.69819023735917e-24 1.857834708922955e-23 0 0 0 0.002499999999995144 7.786685792682273e-13 -8.673617379884033e-21 
0.1000000000002067 8.434850040650615e-11 0 -4.334273403148157e-14 -3.733105433446879e-13 8.588148234253144e-23 -1.084202172484861e-23 1.508714259851286e-22 6.321543331562837e-24 0 0 0 0.002500000000007258 2.083007160855195e-12 0 
0.09999999999996509 -9.341893578152005e-11 2.775557550154145e-19 7.07031040196103e-14 6.011905345182901e-14 -8.917183735718482e-23 -1.513448976683695e-37 4.56146718090851e-24 2.233983213302616e-24 0 0 0 0.002499999999998791 -2.3330539973901e-12 -2.849231292155871e-29 
0.09999999999987724 1.043045858017953e-10 0 -6.074883096561843e-14 2.123284295703779e-13 -1.720207482730178e-23 -7.22801448323364e-24 2.577973695056252e-23 -5.45022033979573e-24 0 0 0 0.002499999999995722 2.595292687354586e-12 0 
0.1000000000003619 -2.171353374880168e-11 0 5.92225944211385e-15 -6.60215422483817e-13 -1.261647333825312e-24 -1.084202172485476e-23 -1.13032968027238e-22 1.01963426020667e-23 0 0 0 0.002500000000012682 -5.172349094167969e-13 8.673617379884045e-21 
0.1000000000000316 -1.175514546813971e-10 2.775557575918805e-19 3.144580336863509e-14 -7.854727392485446e-14 -4.919355391207362e-23 -2.529805069132871e-23 -5.820018014069166e-23 -1.665423422674342e-23 0 0 0 0.002500000000001131 -2.86458004669296e-12 8.673617414867578e-21 
0.1000000000001905 -4.726223752638002e-11 2.775557572844294e-19 -4.938651200954217e-14 -3.474614418283308e-13 -1.309068375910843e-22 3.614007241617998e-24 2.820843100278364e-23 -7.65844170525677e-24 0 0 0 0.002500000000006664 -1.052909387282146e-12 2.513273125899903e-29 
0.0999999999999325 -2.346644146361555e-10 -2.775557505548968e-19 7.850991916763975e-14 1.3271826991566e-13 1.615998536720243e-22 -4.261167021730789e-38 3.814903592288004e-25 -4.166103661230874e-24 0 0 0 0.002499999999997638 -5.735308874956659e-12 1.369006472757481e-28 
0.09999999999955159 -2.426531198196368e-12 0 -3.555652670443143e-14 8.413510750947353e-13 9.649468796683978e-23 -1.175494350822288e-38 -8.586315646879696e-25 -1.148638642978156e-23 0 0 0 0.002499999999984325 -1.020505294851985e-14 0 
0.09999999999945079 4.742053104356244e-11 6.661338147750947e-18 4.70064986935112e-14 1.017853577755183e-12 2.758231722976737e-22 -5.421010862427599e-23 4.189129868382543e-24 -7.895789760765355e-24 0 0 0 0.002499999999980785 1.074514826074341e-12 0 
0.1000000000000693 3.405813391726973e-10 5.55111512312578e-19 -1.168996774381291e-13 -1.280268550632679e-13 -3.639133955026283e-22 4.336808689943924e-23 -1.840899248702757e-23 4.92090927822228e-24 0 0 0 0.002500000000002452 8.302288977829498e-12 8.673617379884031e-21 
0.1000000000005473 4.398478109513012e-12 0 6.297531917239426e-14 -1.027842562330678e-12 -9.938261749516634e-23 -1.445602896647334e-23 5.665539332251689e-23 -1.93900706065765e-23 0 0 0 0.00250000000001917 1.880277617632994e-14 0 
0.1000000000006514 -5.264799013415833e-12 0 -7.474038702752016e-14 -1.212895778306352e-12 1.824827276209646e-23 1.910178320086217e-38 3.217276553908698e-24 3.873283328966154e-24 0 0 0 0.002500000000022812 -2.30067701001425e-14 0 
0.1000000000000367 -4.038270585982033e-10 9.751353640686683e-27 1.440703692919537e-13 -3.858085616173115e-14 1.561448959716014e-22 7.228014483223706e-24 9.828028431675631e-23 2.103654347644582e-24 0 0 0 0.002500000000001292 -9.858161108180312e-12 2.380484743801605e-28 
0.09999999999852173 -1.963789374170837e-11 2.775557566304956e-19 2.733275295908583e-14 2.706310627492568e-12 1.262943764550871e-22 1.175494350822288e-38 -1.839411275983941e-24 -1.19734042607254e-24 0 0 0 0.002499999999948256 -5.086317651781202e-13 1.22821096544537e-29 
0.09999999999996685 5.099678491993234e-10 0 -1.908228151881019e-13 7.532062693334698e-14 -1.065610011904539e-22 4.69820941410013e-23 -1.957432573448298e-22 2.750981101925692e-23 0 0 0 0.002499999999998859 1.244612052309083e-11 8.673617379884031e-21 
0.1000000000010294 4.925660573862365e-12 5.55111512312579e-19 7.089514253433282e-14 -1.910521447762588e-12 1.68665731678355e-24 4.114230227878007e-38 -2.144983048864573e-24 1.641687263399687e-23 0 0 0 0.002500000000036034 2.03694483155715e-14 -8.673617379884046e-21 
0.1000000000007896 -1.337240214394068e-10 -2.775557561562895e-19 -4.379882405823799e-14 -1.474392648551101e-12 1.201704860728766e-22 -1.445602896647671e-23 5.552186904659592e-23 2.11892948391461e-23 0 0 0 0.002500000000027645 -3.145614736570196e-12 0 
0.09999999999979371 -4.90928955473866e-10 2.775557444379148e-19 1.562870816558145e-13 3.823202590483614e-13 -1.213311834064116e-22 -2.057115113939001e-37 1.109718137265434e-24 2.03577277624993e-23 0 0 0 0.002499999999992777 -1.196439459007556e-11 -2.855876465164539e-28 
0.09999999999906978 -5.387183754645997e-12 2.775557561562895e-19 -7.451229263229677e-14 1.711644976400894e-12 -1.111938310877007e-22 -2.057115113939003e-38 -3.455740257636634e-25 -3.856613672053422e-24 0 0 0 0.002499999999967449 -2.426986563108812e-14 0 
0.09999999999993203 8.551414784618887e-11 8.212290612758349e-27 -2.301461590747413e-14 1.433937311637288e-13 6.967570319499213e-23 -3.614007241619021e-24 -2.748624413104457e-23 -5.247675130130732e-24 0 0 0 0.002499999999997638 2.086164899682561e-12 2.003433683645436e-28 
0.1000000000003396 4.163843748961038e-11 -5.55111510324777e-19 -2.272364056182259e-14 -6.868151548086654e-13 -4.90867402996316e-23 -1.084202172485445e-23 1.287914536550645e-22 -1.114817735262119e-23 0 0 0 0.002500000000011887 1.036060885521711e-12 -8.673617330422924e-21 
0.1000000000019305 -1.424481192724445e-10 2.775557493558746e-19 -1.573137333360284e-13 -3.535976041124011e-12 6.707737725017028e-23 -3.614007241619532e-24 4.320522341626768e-23 -4.522150690365257e-24 0 0 0 0.002500000000067579 -3.197079103192713e-12 -1.526272457722375e-28 
0.09999999999972096 -1.149648041695579e-09 5.520281765406909e-26 4.069106720551082e-13 5.004787983202186e-13 -7.792498763132389e-23 -3.7028072050902e-37 1.138753911156399e-24 -1.33484291083419e-23 0 0 0 0.00249999999999026 -2.809285464845618e-11 1.348938698015579e-27 
0.0999999999982753 2.617342106936412e-11 1.249508392289943e-27 -2.434136931368635e-13 3.163988087305849e-12 6.502264022957647e-23 -3.61400724161771e-24 3.826193464347849e-23 1.88454732497994e-23 0 0 0 0.002499999999939639 9.685869185697918e-13 4.623994242891738e-29 
0.1000000000000723 -8.922359379104142e-11 0 4.042255789353252e-14 -5.451747189815007e-14 2.593774031588881e-22 -1.08420217248482e-23 -1.508764996672331e-22 2.333212580228749e-23 0 0 0 0.002500000000002534 -1.969617231898462e-12 -8.673617379884141e-21 
0.09999999988666226 -9.099456171196601e-09 2.775557561562895e-19 1.332438402783703e-11 6.792192532892504e-10 -2.566927556389873e-22 0 1.449936256459679e-23 -9.700690336207931e-24 0 0 0 0.002499999996033185 -1.582817969573997e-10 0 
0.09999981200656076 -3.31795582315419e-06 -1.942731895243196e-18 2.220777019428511e-08 1.129894089865372e-07 -3.295165192887913e-22 3.975407965780539e-23 3.247644144224842e-22 -2.447483249400224e-25 0 0 0 0.002499993422879731 1.866545248441546e-09 -8.910810498695306e-26 
0.1000581835931491 0.0008350606896683813 5.551115123125774e-19 -1.020767153172054e-05 -0.0001754632194897141 1.355252715606878e-22 -3.585257770007982e-37 -2.368604171209918e-23 1.001561195141793e-23 0 0 0 0.002503000254049686 5.196102074581444e-05 -8.673617379884022e-21 
0.1021264846618473 0.001709400112868104 -9.489076818015062e-22 -0.002231021001008275 -0.0001902186929865329 8.779209966217922e-21 3.056285312137948e-36 -4.979369007884373e-22 7.323767185361038e-23 0 0 0 0.004934828366031812 5.524872788605107e-05 -1.737790396465826e-20 
0.1146066022209595 0.00192381310574744 0 -0.05362482295264411 -0.0001902238197154957 0 2.280438569461177e-21 5.168457747317003e-20 7.695389888062185e-22 0 0 0 0.2020246107943945 5.524875178949974e-05 -1.110223024625158e-18 
0.136641654104302 0.002090970162954833 -5.55111512312579e-19 -0.2960654283934799 -0.0001902240371234884 1.110223024625158e-18 -2.598832607447752e-20 -4.155910601750753e-19 4.75280695344593e-21 0 0 0 2.273551651629199 5.524875189427703e-05 0 
0.1296816735349621 -0.006208084559744367 -2.998175911415938e-19 -0.5639970678291131 -0.000190224619965074 -9.186841252707112e-21 3.021310053988721e-20 4.053155259579014e-19 9.686538631758241e-21 0 0 0 7.538098943903701 5.524875084650353e-05 -3.552446856607074e-17 
0.08856154302767807 -0.02072051377655613 -2.775557561562895e-19 -0.5036076223123301 -0.0001898733146460393 0 -1.480297366166875e-19 -7.732059657827585e-20 2.509122702877406e-20 0 0 0 12.02648923819953 5.524875174023359e-05 0 
0.06715901413824628 0.01287221316080663 -2.775557561562871e-19 -0.2882157535037665 -0.0001897592560411158 -1.110223024625148e-18 -1.924386576018848e-19 -8.080329255858168e-19 -3.11026073250249e-20 0 0 0 15.63547507532905 5.524872636053479e-05 -7.10542735760095e-17 
0.08020355541489353 0.02772249586054246 -2.171516932862438e-18 -0.1859387054797485 -0.000189663180053325 9.159726679719036e-21 -1.18423789293331e-19 3.299455660808995e-19 -1.543697961310028e-19 0 0 0 18.74261174874189 5.524872921935901e-05 -2.668220889836669e-21 
0.08944734135067246 0.02500263896701171 2.775557561562895e-19 -0.1101210799697695 -0.0001896299687280571 0 -1.184237892933499e-19 2.796133254493664e-19 -2.655854088919106e-20 0 0 0 21.50650730694428 5.524872948026195e-05 0 
0.09492911472659042 0.01746081269112376 -2.775557561562925e-19 -0.05643715113954303 -0.0001895714827849668 -2.775557561562925e-19 -5.921189464670231e-20 -6.373542002803259e-19 1.462777358773485e-19 0 0 0 23.27012662634207 5.524872581652445e-05 0 
0.09781934968757888 0.009882675605858848 1.110223024625158e-18 -0.02517372415927734 -0.0001893259754456911 -4.163336342344342e-19 8.881784197002168e-20 -3.80544830643433e-19 -1.168196416677633e-19 0 0 0 24.24434032251972 5.52487325222741e-05 0 
0.09916231232806419 0.005413323708358596 2.775557561562887e-19 -0.00980840805377476 -0.0001872932355853534 -3.816391647148969e-19 5.921189464620308e-20 -6.491307729076609e-19 -1.822518428072044e-19 0 0 0 24.70726826710388 5.524882775720393e-05 0 
0.09971451073798471 0.002949662526402726 1.665334536937737e-18 -0.003347324141921227 -0.0001598147003519248 -3.81639164714898e-19 3.256654205567119e-19 7.999128979368439e-19 6.753522435729024e-20 0 0 0 24.89999045992678 5.524934454381759e-05 0 
0.09991238934391582 0.001169503505019309 -1.054391406723111e-18 -0.0009831570619342803 0.0001488143228675812 -2.53104186627933e-19 2.960594732331998e-20 -1.025052607106346e-18 -6.680884597860985e-20 0 0 0 24.96931802386307 5.526041380043948e-05 2.638109501317154e-21 
0.09997830961166694 0.0003021873884051635 0 -0.0002101831323585759 0.0009216879416762401 -5.095750210681877e-20 5.921189464666571e-20 -3.370528062437685e-19 2.909096960256677e-19 0 0 0 24.99240753024892 5.584130049474027e-05 0 
0.09999814962412416 2.725381374195734e-05 -5.537952975112019e-19 -1.972685087778985e-05 0.0002279363054860504 9.200608155028971e-19 -5.921189464539515e-20 1.625502188385599e-18 1.171071895321406e-18 0 0 0 24.9993523724132 0.0001585444768803624 7.656858196697782e-21 
