0.09999999999960425 1.444012071390579e-10 -2.227873116476157e-28 -4.657467494932162e-10 5.06790532502519e-10 -5.978873447785893e-50 0 0 0 0 0 0 249.9999999986149 3.128408407677205e-07 -8.086341203121063e-25 
0.1000000000008107 -2.153103078352356e-10 1.040171541240547e-26 4.894120744817603e-10 1.533801423647648e-09 -7.407448202453622e-26 0 -1.464125840090192e-31 3.031649005909764e-19 0 0 0 250.0000000028376 -5.133259219144134e-07 2.491580347717758e-23 
0.1000000000303224 2.469246671438918e-10 2.205814966808077e-28 -1.275612764099294e-09 -9.235562477745876e-09 0 0 0 0 0 0 0 250.0000001061283 1.056799717857265e-06 6.866613759032797e-25 
0.09999999999569595 -9.17520442811112e-10 0 2.113947812176763e-09 1.188528813143972e-09 -7.652958013165923e-48 0 0 -3.789561257387195e-19 0 0 0 249.9999999849358 -1.096902437333274e-06 4.207258161178723e-36 
0.09999999996785254 3.334839078792096e-10 0 -1.43790854660134e-09 9.621096902871501e-09 0 0 0 3.031649005909764e-19 0 0 0 249.9999998874839 1.071800134456032e-06 0 
0.1000000000061268 -1.67970037822036e-10 0 4.361699211585802e-10 -3.875413388717172e-09 1.883345136052577e-48 0 0 1.515824502954899e-19 0 0 0 250.0000000214434 -4.907252907873051e-07 8.414516322357563e-36 
0.1000000000029364 1.48562584152093e-10 1.138200522872967e-27 -3.47856712323846e-10 -2.623732674085926e-09 5.138094369191001e-50 0 0 -7.579122514774411e-20 0 0 0 250.0000000102773 4.227992029450698e-07 3.794707603695063e-24 
0.09913784054973536 -2.080229973954589e-06 9.93093261847904e-23 0.03155108282633919 -2.581243216132747e-09 -1.387777548506517e-19 -3.009265538105057e-36 -3.700743415418066e-21 -1.819140985996152e-21 0 0 0 247.0247397758972 4.228109418136204e-07 -2.018482103459196e-23 
0.1014970266765285 -3.055255651251992e-06 5.549639596526732e-19 -0.05724359845048125 -2.559621503465961e-09 -2.775558797724437e-19 -3.789561257387267e-18 -3.699636893144308e-18 -1.739182759441355e-18 0 0 0 255.3211866618503 4.233144501597531e-07 -1.136868356772307e-15 
0.08857551126092085 -0.1080730835591965 -4.495961755529598e-18 0.3304759698316066 2.353754543745065 9.902858760753068e-17 8.526512829121208e-18 -6.291263806208025e-18 6.821210263296966e-19 0 0 0 214.9174677219527 -300.2578711592008 -1.15103272207284e-14 
0.1080215113279465 -0.08147095079614257 -5.551115123125789e-19 0.6479886795824366 -0.3161518652814165 0 8.8817841970011e-19 -1.569930135689186e-17 2.18808049175253e-19 0 0 0 32.02890492576553 -3.214861965480771 0 
0.1022346614813634 -0.02497249781540463 3.700743415417193e-19 0.04536473513625758 -0.3013416561911874 8.84660622854459e-37 0 -2.38522555358479e-22 -3.468225235475635e-23 0 0 0 0.7074315795992437 -3.213019208135468 2.371131120215033e-35 
0.1005334487001513 -8.761151450240596e-06 5.551115123125789e-19 0.00185313131638587 -2.095537512353849e-07 8.673617379884045e-21 1.46936793852786e-39 -3.254686720304031e-25 1.119487100328481e-24 0 0 0 0.007769323216913847 -9.111303145335968e-09 0 
0.1000000000000999 1.940920049354073e-10 0 -1.599246013395125e-14 -2.042432831657815e-13 0 0 0 0 0 0 0 0.002500000000003496 4.878358963307336e-12 0 
0.1000000000000237 -1.726869307434846e-09 0 2.500299203789267e-14 -4.825089402102318e-14 8.630802709672701e-58 0 0 1.156482317317869e-24 0 0 0 0.002500000000000828 -4.313511637571542e-11 0 
0.09999999999990025 -1.902316218490945e-10 0 -1.041716342816328e-14 2.042603528447848e-13 0 0 0 -1.156482317317873e-24 0 0 0 0.002499999999996509 -4.743245555342429e-12 0 
0.09999999999998298 -9.597996971863216e-11 0 7.034831051022579e-16 3.609567506002149e-14 0 0 0 -1.156482317317886e-24 0 0 0 0.002499999999999399 -2.401868624568298e-12 0 
0.100000000000006 9.638747288770786e-11 0 -3.491294753299459e-15 -1.216737359014755e-14 -2.227303925076832e-58 0 0 -1.156482317317873e-24 0 0 0 0.002500000000000211 2.41613123548514e-12 0 
0.09999999999991198 -1.93889400057028e-10 0 1.460640104237551e-14 1.80259106252745e-13 0 0 0 -1.156482317317873e-24 0 0 0 0.00249999999999692 -4.871267792569123e-12 4.897893128426204e-46 
0.0999999999999876 1.535776305636496e-09 0 -2.362525568696157e-14 2.412219729518798e-14 0 0 0 -4.625929269271451e-24 0 0 0 0.002499999999999572 3.835847049389037e-11 0 
0.1000000000000852 -1.778484086863804e-12 0 1.216695031761954e-14 -1.74244692748479e-13 4.315401354836363e-58 0 0 -6.938893903907237e-24 0 0 0 0.002500000000002982 -6.224694301836603e-14 9.795786256852409e-46 
0.1 1.441221965640526e-10 -6.961035994046316e-27 -2.096548860445561e-15 9.566421728847245e-17 -4.62007482498867e-33 0 0 0 0 0 0 0.002500000000000001 3.608131117244774e-12 -1.742710928419283e-28 
0.1000000000000118 -1.022430441209072e-13 1.72329294281881e-32 6.994608596026335e-16 -2.40909317957469e-14 0 0 0 -1.156482317317873e-24 0 0 0 0.002500000000000415 -3.578506544064046e-15 -9.795786256852409e-46 
0.1000000000000353 -4.743156280487639e-11 -2.290942910713089e-27 -3.468717674204307e-15 -7.20327848295168e-14 -3.47880184668357e-30 -2.693478636595451e-52 1.298938493178486e-65 6.273184688739188e-82 0 0 0 0.002500000000001234 -1.181389251261403e-12 -5.706066709737016e-29 
0.09999999999992509 -5.768189222863892e-10 0 1.648367183489542e-14 1.532843759329441e-13 0 0 0 -1.156482317317871e-24 0 0 0 0.00249999999999738 -1.439312057144489e-11 -4.897893128426196e-46 
0.09999999999995572 1.175938762505258e-09 -2.872507161486239e-26 -2.014123497614145e-14 8.996294450132285e-14 -2.197336511665759e-30 -6.654293206559494e-51 -2.824697251767932e-37 1.156482317317869e-24 0 0 0 0.002499999999998454 2.938081322688524e-11 -7.176955548545889e-28 
0.1000000000000412 1.419113876402316e-10 0 1.007659904591246e-14 -8.427660190083748e-14 3.897781868884456e-58 0 0 3.469446951953618e-24 0 0 0 0.002500000000001444 3.532379397309772e-12 0 
0.1000000000000026 5.030920652996843e-10 1.200990852291616e-26 -5.547471278640379e-15 -5.868245704181288e-15 -1.400738221412038e-31 0 0 0 0 0 0 0.002500000000000093 1.255867296514983e-11 2.998030376606363e-28 
0.1000000000000563 9.597963710226605e-11 0 -7.012166310568078e-16 -1.140458560922037e-13 0 0 0 -6.938893903907313e-24 0 0 0 0.002500000000001967 2.401856982997142e-12 -9.795786256852516e-46 
0.1000000000000059 -4.077993231597297e-10 -1.007465666959938e-26 6.593633046965895e-15 -1.203523970298316e-14 -2.973000550092478e-31 2.337132281622387e-51 8.570388252523265e-37 3.469446951953613e-24 0 0 0 0.002500000000000207 -1.017923013521082e-11 -2.514772601512619e-28 
0.09999999999997217 3.799775990043971e-13 0 -2.599498394317835e-15 5.71115492860784e-14 -1.113651962538416e-58 0 0 -1.156482317317873e-24 0 0 0 0.002499999999999026 1.329921596365349e-14 -4.897893128426204e-46 
0.09999999999997662 4.806728652104757e-11 0 2.070632554307399e-15 4.795570190951868e-14 0 0 0 -3.469446951953618e-24 0 0 0 0.002499999999999182 1.202013567187371e-12 0 
0.1000000000000027 3.834095034501401e-10 0 -5.193067503794779e-15 -6.100912599190692e-15 0 0 0 0 0 0 0 0.002500000000000097 9.565758332383741e-12 0 
0.100000000000022 -4.314258056702331e-13 0 2.95146453573499e-15 -4.490725499795031e-14 3.480162382932551e-60 0 0 0 0 0 0 0.002500000000000771 -1.509990319709428e-14 4.897893128426204e-46 
0.1000000000000206 2.459179021544305e-11 6.007115022807552e-28 -2.783073540143143e-15 -4.19920464141595e-14 -1.02565180916282e-30 1.352418943306652e-52 2.824697251767947e-37 1.156482317317873e-24 0 0 0 0.002500000000000721 6.205419270141019e-13 1.515816830795905e-29 
0.100000000000003 -3.358532591343556e-10 1.864546939817929e-28 4.857015252953315e-15 -6.087404885724361e-15 3.379188532173427e-33 0 0 0 0 0 0 0.002500000000000106 -8.378378057622688e-12 4.651400597095472e-30 
0.09999999999999132 -2.367748522925332e-11 -5.783796884424119e-28 -3.471861687032175e-15 1.789231378797792e-14 4.370180920870878e-31 -6.762094716533259e-53 -1.129878900707179e-36 -4.625929269271491e-24 0 0 0 0.002499999999999697 -5.885412524999756e-13 -1.437655482367844e-29 
0.09999999999999859 -1.930037975794055e-10 0 2.61324341795562e-15 3.028034998668021e-15 0 0 0 0 0 0 0 0.002499999999999951 -4.809912888557744e-12 0 
0.09999999999998682 1.787342709364818e-13 0 -1.222754536511772e-15 2.710018552158182e-14 0 0 0 3.469446951953618e-24 0 0 0 0.002499999999999539 6.255699482441969e-15 0 
0.09999999999999418 2.413552856990776e-11 0 3.537795056907107e-16 1.205627611633452e-14 0 0 0 0 0 0 0 0.002499999999999796 5.910205313859105e-13 0 
0.1000000000000065 9.614466021496746e-11 0 -1.829379471981106e-15 -1.348969547176899e-14 0 0 0 0 0 0 0 0.002500000000000229 2.407631635457078e-12 0 
0.1000000000000023 -8.412823372282526e-11 -1.00416227079016e-27 2.342593017716039e-15 -4.604430262992591e-15 -5.495340330249385e-32 0 -5.520999173910085e-37 -4.625929269271489e-24 0 0 0 0.002500000000000082 -2.100366821838722e-12 -2.50701701070251e-29 
0.09999999999999694 5.985341040931969e-11 7.310300740767159e-28 -1.727948802561958e-15 6.03598189948445e-15 7.371414689131148e-32 -2.54313562165272e-52 -2.824697251767942e-37 -2.312964634635741e-24 0 0 0 0.002499999999999896 1.490918736391541e-12 1.820959618656736e-29 
0.1000000000000025 -3.557227817846579e-11 0 1.085430819299423e-15 -5.087255848061186e-15 -1.104951556581084e-58 0 0 6.938893903907232e-24 0 0 0 0.002500000000000089 -8.948017877520718e-13 0 
0.0999999999999981 1.822013971768389e-11 1.112674258031832e-28 -5.760651215306702e-16 3.730765696374756e-15 2.278090086578329e-32 3.969055594486908e-53 7.061743129419863e-37 1.156482317317872e-23 0 0 0 0.002499999999999935 4.745168506485816e-13 2.897797103166922e-30 
0.1000000000000012 -5.645792952436465e-12 3.447793424837332e-29 2.234552820556957e-16 -2.373367706069254e-15 1.449232110248932e-32 8.330116679787337e-54 -4.237045877651915e-37 6.938893903907227e-24 0 0 0 0.002500000000000042 -1.493508416098222e-13 9.120611264485887e-31 
0.1000000000000001 1.547255548810988e-14 0 -1.058512074288605e-16 -3.377795728306172e-16 0 0 0 -4.625929269271492e-24 0 0 0 0.002500000000000007 5.415394420825917e-16 0 
0.1000000000000002 -9.0874354258554e-12 -2.774775096200556e-29 1.096682929653999e-16 -2.713974878165717e-16 -8.286072844483045e-34 -9.922638986217284e-54 2.118522938825961e-37 6.938893903907231e-24 0 0 0 0.002500000000000006 -2.161374294356614e-13 -6.599582747298271e-31 
0.09999999999999939 -1.722261078698187e-12 -3.82457303248045e-30 -2.352446940948975e-17 1.219817071425784e-15 2.708537997055471e-33 4.45460785015366e-55 -2.567906592516315e-38 -1.156482317317872e-24 0 0 0 0.00249999999999998 -5.377247911662766e-14 -1.194109270787696e-31 
0.09999999999999987 8.67466011423363e-13 0 -3.128238409052149e-17 2.709985014170968e-16 0 0 0 0 0 0 0 0.002499999999999996 2.710754740004384e-14 0 
0.1000000000000004 5.728310194118547e-15 0 -3.919133536219495e-17 -9.492002091734024e-16 0 0 0 4.625929269271487e-24 0 0 0 0.002500000000000016 2.00490856793577e-16 0 
0.09999999999999981 -6.929084401680748e-12 0 1.175009164041304e-16 4.068273495860809e-16 0 0 0 -1.156482317317872e-24 0 0 0 0.002499999999999994 -1.622817891244715e-13 0 
0.09999999999999952 3.035980775775324e-12 9.270120285330169e-30 -9.396904550780976e-17 8.139149076935586e-16 2.484974444169382e-33 2.940041181101418e-54 3.530871564709937e-37 1.156482317317872e-23 0 0 0 0.002499999999999985 8.132036422033498e-14 2.483051159262121e-31 
0.1000000000000009 9.161020218329241e-15 0 -6.267602177996895e-17 -1.897984084712569e-15 0 0 0 1.156482317317871e-24 0 0 0 0.002500000000000032 3.206357076401081e-16 0 
0.1000000000000001 -1.211878943769299e-11 0 1.72181713331554e-16 -2.006496820546915e-18 -1.435566982959677e-59 0 0 2.312964634635746e-24 0 0 0 0.002500000000000003 -2.972961460387575e-13 9.795786256852409e-46 
0.09999999999999709 -2.515163322299749e-14 0 1.720667589892126e-16 5.95780947724539e-15 0 0 0 3.469446951953613e-24 0 0 0 0.002499999999999899 -8.803071627945521e-16 4.897893128426196e-46 
0.09999999999999411 3.538717293814507e-11 0 1.809082976015721e-16 1.206859843542556e-14 0 0 0 -1.156482317317871e-24 0 0 0 0.002499999999999795 8.883231043410199e-13 0 
0.1000000000000089 9.61577477917388e-11 0 -1.919708142450465e-15 -1.803360123268474e-14 0 0 0 1.156482317317872e-24 0 0 0 0.002500000000000311 2.40809085712641e-12 0 
0.09999999999999845 -1.084289865564331e-10 -1.324316352453403e-27 3.133835783467966e-15 2.985193111223046e-15 3.645653137535451e-32 -4.630564860234745e-52 8.474091755303868e-37 6.938893903907221e-24 0 0 0 0.002499999999999948 -2.710721284007151e-12 -3.310786753441937e-29 
0.09999999999999488 1.195908718492439e-10 0 -2.694822837101539e-15 1.058580884986478e-14 0 0 0 1.156482317317872e-24 0 0 0 0.002499999999999822 3.004885469648778e-12 -4.897893128426201e-46 
0.1000000000000155 -2.422509966355422e-11 0 2.5899028292346e-16 -3.158389059546942e-14 0 0 0 0 0 0 0 0.002500000000000543 -5.941555196635329e-13 0 
0.1000000000000014 -1.314945639745833e-10 1.606032241758032e-27 1.394494242301648e-15 -2.958680754098627e-15 3.613275045287175e-32 0 0 0 0 0 0 0.002500000000000049 -3.294651764152695e-12 4.023981955172188e-29 
0.1000000000000082 -4.762177511394024e-11 1.136836928193769e-27 -2.182730847917941e-15 -1.660461120452563e-14 3.963486659955843e-31 0 0 0 0 0 0 0.002500000000000287 -1.174494733161299e-12 2.803779559359366e-29 
0.09999999999999679 -2.639561281337858e-10 6.301210202745222e-27 3.48572397797693e-15 5.95240870482334e-15 -1.420827757155923e-31 1.465343252308048e-51 8.281498760865131e-37 -3.469446951953604e-24 0 0 0 0.002499999999999891 -6.606342533732241e-12 1.577078627129782e-28 
0.0999999999999809 2.286997813901423e-13 0 -1.56457832800605e-15 3.921218673837636e-14 3.480162382932551e-60 0 0 -2.312964634635746e-24 0 0 0 0.002499999999999332 8.004492348034947e-15 4.897893128426204e-46 
0.09999999999997662 4.806736139861265e-11 0 2.070121620419608e-15 4.796417314249304e-14 0 0 0 -3.469446951953618e-24 0 0 0 0.002499999999999182 1.20201618790215e-12 0 
0.100000000000003 3.834095490020567e-10 0 -5.192987012625502e-15 -6.099039097836654e-15 2.227303925076829e-58 0 0 -3.469446951953613e-24 0 0 0 0.002500000000000106 9.565759348459632e-12 4.897893128426197e-46 
0.1000000000000235 -4.05714979760311e-13 0 2.775573983611798e-15 -4.794983276175874e-14 2.262105548906158e-58 0 0 -2.312964634635746e-24 0 0 0 0.002500000000000823 -1.420002429025243e-14 9.795786256852409e-46 
0.1000000000000279 4.818646603380599e-13 0 -3.296528096793002e-15 -5.696871793747807e-14 1.39206495317302e-59 0 0 0 0 0 0 0.002500000000000977 1.686526310992086e-14 0 
0.1000000000000012 -4.552800097664883e-10 1.09949078917459e-26 6.412981719735216e-15 -3.016961680480406e-15 7.285163200526483e-32 1.273104650534654e-51 8.377795258084414e-37 -3.469446951953604e-24 0 0 0 0.002500000000000044 -1.136396617927728e-11 2.744372027653599e-28 
0.0999999999999376 -2.393051459577623e-11 5.779161335262018e-28 1.210571920484676e-15 1.28963969133384e-13 -3.114138201366785e-30 -1.317673002075457e-52 -8.377795258084505e-37 3.469446951953657e-24 0 0 0 0.002499999999997811 -5.990238727052902e-13 1.446627966071506e-29 
0.09999999999999856 5.756502781403184e-10 0 -8.488755531832482e-15 2.963075386903407e-15 0 0 0 1.156482317317871e-24 0 0 0 0.00249999999999995 1.435221802633793e-11 0 
0.100000000000044 -4.562035659573593e-13 0 3.120973618431223e-15 -8.996495678056049e-14 0 0 0 -2.312964634635746e-24 0 0 0 0.002500000000001541 -1.59671248056233e-14 4.897893128426204e-46 
0.1000000000000338 -1.431043772077626e-10 0 -1.915127547288008e-15 -6.908914412795354e-14 0 0 0 4.625929269271491e-24 0 0 0 0.002500000000001184 -3.574134032158185e-12 0 
0.09999999999999087 -5.516666917367998e-10 -1.31694908521785e-26 6.946861373184132e-15 1.80203537277389e-14 4.301421498391468e-31 -4.579915968978441e-51 1.656299752173009e-36 6.938893903907206e-24 0 0 0 0.002499999999999684 -1.377844227291578e-11 -3.28921592775767e-28 
0.0999999999999604 4.822078831868753e-13 0 -3.298877374972401e-15 8.117539048354213e-14 0 0 0 3.469446951953618e-24 0 0 0 0.002499999999998614 1.687727590883426e-14 0 
0.09999999999999712 9.60296369741258e-11 9.223062845580673e-27 -1.043080436839242e-15 6.006728679267923e-15 5.768519337275578e-31 0 0 0 0 0 0 0.0024999999999999 2.40360668938949e-12 2.308518349202603e-28 
0.1000000000000148 4.809078181743286e-11 2.296064044147144e-27 -1.04132374019924e-15 -3.007874620671483e-14 -1.435947013393711e-30 7.930092894843512e-52 -1.104199834782011e-36 -2.312964634635746e-24 0 0 0 0.002500000000000517 1.204462205817967e-12 5.750629075259636e-29 
0.1000000000000824 -1.428000601960498e-10 -6.817905837858377e-27 -6.948626165200337e-15 -1.684020226507472e-13 -8.039443526433196e-30 7.968402522354987e-52 -5.52099917391016e-37 -1.156482317317873e-24 0 0 0 0.002500000000002883 -3.5618560552627e-12 -1.700588243432774e-28 
0.0999999999999876 -1.295264513512986e-09 6.220113829603753e-26 1.807011669926094e-14 2.413376790077514e-14 -1.158834652357795e-30 0 0 0 0 0 0 0.002499999999999572 -3.237479171823372e-11 1.554701030837919e-27 
0.09999999999992662 4.951465605238259e-11 2.36402198348962e-27 -1.078231508707301e-14 1.503024672315029e-13 7.17537817047046e-30 5.286728596562342e-52 5.520999173910053e-37 1.156482317317873e-24 0 0 0 0.002499999999997432 1.254297804026792e-12 5.988434472333554e-29 
0.1000000000000036 -9.613260876241324e-11 1.723292942818829e-32 1.747322425638133e-15 -6.112697154003646e-15 1.705279567636968e-58 0 0 -5.782411586589428e-24 0 0 0 0.002500000000000121 -2.407210412858881e-12 1.077058089262258e-33 
0.09999999999999128 5.197951370340257e-14 0 -3.555903257031664e-16 1.798106802342055e-14 0 0 0 3.469446951953618e-24 0 0 0 0.002499999999999695 1.81928297955447e-15 0 
0.09999999999988263 4.60095000291794e-11 -2.196704504778908e-27 1.319713135069144e-14 2.402958503474224e-13 -1.147162538843635e-29 -5.286728596562341e-52 -5.520999173910052e-37 1.156482317317873e-24 0 0 0 0.002499999999995893 1.131617343264456e-12 -5.402870687639617e-29 
0.09999999999999715 1.918013036379757e-09 0 -2.672894683364292e-14 6.031795433485323e-15 0 0 0 0 0 0 0 0.0024999999999999 4.791353944239401e-11 0 
0.1000000000001175 9.405001953678323e-11 -5.221359356813257e-29 1.249986318156237e-14 -2.403049981225543e-13 1.333960709240825e-31 -6.169631872462852e-54 -6.419766481290822e-39 1.156482317317873e-24 0 0 0 0.002500000000004112 2.334320079119568e-12 -1.29594187504936e-30 
0.1000000000000059 -1.010430678928794e-13 0 6.912651007162653e-16 -1.193813566520897e-14 0 0 0 -2.312964634635746e-24 0 0 0 0.002500000000000207 -3.536507376166923e-15 0 
0.1000261986524381 0.0004537739711241565 0 -6.438576907399161e-06 -0.0001115194233205131 0 0 0 -2.312964634635746e-24 0 0 0 0.002502033320585686 3.521814562478741e-05 -9.795786256852409e-46 
0.1005748322078913 0.0006245130422917867 3.016067100480052e-20 -0.001881056179454028 -0.0001125714758113936 -1.411022320962423e-20 1.46936793852786e-39 -2.241834252732987e-36 -2.797470314644858e-24 0 0 0 0.007541636959910998 3.528532070849367e-05 3.639856355299676e-20 
0.1028085646402655 0.0006281491782868269 0 -0.0665312208110817 -0.0001125714963311907 2.775557561562895e-19 0 0 2.562624934186068e-21 0 0 0 1.020637373287873 3.528532071181438e-05 -4.440892098500632e-18 
0.0963485974844452 0.04905237524608273 -4.736951571733967e-21 -0.034457412094446 0.4235605688786979 -3.20988324064537e-41 0 0 1.42108547152019e-19 0 0 0 23.89169728353685 14.2435662537214 -1.818989403545843e-18 
0.100267832800743 -0.003285147494909797 1.577670394658335e-19 0.003192452897030423 -0.03933571538514928 1.899706635615223e-18 -1.976323478689348e-47 -9.150786500563699e-33 1.894780628693603e-20 0 0 0 25.09421869972054 -1.158057315327658 5.585224122076578e-17 
0.09997397421535055 0.0004507798522702442 5.625129989228318e-21 -0.000306325247547638 0.005305708514852581 0 0 0 -2.842170943040404e-20 0 0 0 24.99090297357105 0.157565133402946 1.894780628693603e-18 
0.100000000000067 -1.497010763536486e-10 0 2.338828153369828e-11 -3.005908411069023e-11 -9.34198976216556e-52 0 0 4.73695157173406e-20 0 0 0 25.0000000000234 -3.318344144065317e-08 0 
0.09999999998545568 -1.042501511113421e-10 0 1.329144386848693e-10 2.532131257263913e-09 0 0 0 3.789561257387205e-20 0 0 0 24.99999999490949 -4.598249818475675e-08 0 
0.1000000000006331 1.834031253917663e-09 0 -2.946213423153201e-10 -1.122675996613618e-10 -1.195774689557175e-49 0 0 -9.473903143467988e-21 0 0 0 25.00000000022159 4.111682744041678e-07 0 
0.1000000000131428 -2.006779616066739e-10 -4.411629933616153e-30 1.614841077450062e-10 -2.288056085338525e-09 0 0 0 -9.473903143468015e-21 0 0 0 25.00000000459999 -7.023728651407482e-08 -3.529303946860053e-27 
0.09999999999945765 5.366776427383239e-11 2.562306900381361e-27 -1.576728626181041e-11 9.397870333790048e-11 4.486504771616635e-27 -2.165444033151935e-48 -4.522802523267115e-33 -9.473903143468014e-21 0 0 0 24.99999999981017 1.392522541497826e-08 6.665358661267327e-25 
0.0999999999858969 -1.405216799549974e-10 2.161698667471915e-28 1.60967916447893e-10 2.475446715758725e-09 0 0 0 1.894780628693603e-20 0 0 0 24.99999999506392 -5.889957209618971e-08 7.41153828848171e-26 
0.1000000000142106 2.073924832461981e-09 9.995919871702845e-26 -4.632414459138243e-10 -2.47326558640797e-09 -1.19445623401871e-25 3.233074722125841e-46 9.150786500563862e-33 1.894780628693492e-20 0 0 0 25.000000004974 4.903540754491224e-07 2.357592769804095e-23 
