0.08814719698765831 -0.002748641599901851 -2.775557561562894e-19 0.1030071085428831 0.5640792869288992 0 -1.657933050106667e-18 2.360590978527035e-18 -8.829861344140533e-19 0 0 0 209.6090914743014 -8.521232259832383 -1.136868377216162e-15 
0.08629806962369808 -0.007669672651330636 -4.622627166241043e-19 0.3048857977814524 0.553232333112515 -1.006484505782713e-17 7.81597009336019e-18 3.096206424490369e-17 1.073670148752242e-18 0 0 0 203.9845160674535 -23.68211811637129 -1.698450116036477e-15 
0.08270649574404192 -0.0128927430947 -2.775557561562894e-19 0.5046806667675676 0.5335812754518119 -2.220446049250315e-17 9.473903143474511e-19 -2.363429674952694e-17 7.121248072422576e-18 0 0 0 193.1714322620005 -37.81678872081907 5.684341886080808e-16 
0.07777790085677833 -0.01614125560197562 2.775557561562887e-19 0.6897333088636098 0.4907217682256461 -2.22044604925031e-18 1.192535821564578e-30 4.319008026002759e-18 1.060135966906468e-17 0 0 0 178.6583147494656 -45.29090653366345 5.684341886080793e-16 
0.0725091353691167 -0.01516420380659624 0 0.8410499633177391 0.3770519287461882 -2.220446049250316e-17 -4.736951571736654e-19 -9.810901544129673e-18 9.086391680728551e-18 0 0 0 163.9298805369661 -41.25234961714511 5.684341886080808e-16 
0.06781430743816351 -0.01368615346897453 2.775557561562925e-19 0.9481570674968917 0.2632108789268856 -1.776356839400272e-17 4.736951571732279e-19 1.195033344644772e-17 8.915561631319136e-18 0 0 0 151.591313860183 -34.41847461779712 0 
0.06368192854537275 -0.01090822906601943 -1.665334536937737e-18 1.021656410529968 0.1809798206441699 0 6.987003568307537e-18 1.189740318042705e-17 8.885780015605787e-18 0 0 0 141.5209768485886 -26.14353666978162 -3.979039320256565e-15 
0.06090163694130734 -0.005496807670254383 -5.702519236584071e-19 1.069306037418652 0.1506545202045582 1.689599161918132e-18 1.113183619357523e-17 4.161534075185058e-17 9.204903579973749e-18 0 0 0 134.693799461392 -16.02483819285099 -1.508717548345705e-15 
0.05932561665216861 -0.004645819322917736 -2.243684577539984e-19 1.124289780697921 0.1872565988213479 2.236617785281556e-17 1.432927850453412e-17 -1.031125329178947e-17 9.702279903041589e-18 0 0 0 129.4834687618064 -17.1114235745558 3.104772822246868e-16 
0.05792660432470711 -0.001183481375450498 -5.649891570632833e-20 1.166187112128609 -0.003557105339612295 8.711969446291912e-18 1.72898732368278e-17 2.647447680442116e-17 8.399223043962086e-18 0 0 0 124.6283236901472 -6.717424889900552 -3.206871104951814e-16 
0.05750890949309646 0.0003019182965781524 5.551115123125789e-19 1.187190344057719 -0.005332710437055538 1.776356839400252e-17 2.291500322826054e-17 -1.655074354131071e-17 7.470128923629949e-18 0 0 0 122.6734265667412 -3.035258137665629 0 
0.0582517161044794 0.001403206926817218 8.326672684688683e-19 1.201822005325131 -0.004409019316168832 2.220446049250316e-17 1.031506694296195e-17 -4.730609531821312e-17 7.202416245698312e-18 0 0 0 121.890649058552 -3.402788950773786 5.684341886080809e-16 
0.06521033072673336 0.001728839239704696 1.665334536937737e-18 1.358524446174906 -0.004406786983848709 1.776356839400252e-17 -2.122701609393293e-18 -8.256730796899753e-18 6.987849168321704e-18 0 0 0 121.8181452737949 1.514715069337291 0 
0.0870574681170619 0.00175140925671122 1.110223024625158e-18 1.828172991351501 -0.004406691179827135 0 -1.365343023825065e-18 -1.41328945944273e-17 1.110001215097846e-17 0 0 0 125.0058853821399 3.423292981288221 0 
0.1439327240535561 0.001753190750598953 2.220446049250309e-18 2.897139644979073 -0.004406664738787485 0 -1.221825375252531e-17 -3.47853590744449e-17 1.702790544287078e-17 0 0 0 136.4504777865372 10.63606867136039 0 
0.2121003129024845 0.001755962897362966 5.551115123125788e-18 4.009970371485248 -0.004406467933781874 0 -1.637387418938556e-17 3.588744279575134e-17 1.533294850273673e-17 0 0 0 134.6307227757735 -25.62948392274678 5.684341886080808e-16 
0.2471265542925282 0.001752062487773546 3.33066907387551e-18 3.547154348801195 -0.004406470054593697 -1.776356839400272e-17 -6.469940324231381e-19 2.709839598298909e-17 1.060606877653739e-17 0 0 0 82.83423932328955 -49.21144934650796 2.842170943040435e-16 
0.1842764333560735 0.001751789916811458 3.885780586188052e-18 1.358375110417385 -0.004406471726262007 -1.776356839400252e-17 3.41581508448827e-19 -7.761644329357468e-18 2.876858917529214e-18 0 0 0 21.46719988215213 -26.64803186540113 7.105427357601009e-17 
0.123930442591164 0.001744633618262951 3.885780586188052e-18 0.2102634277071413 -0.004407569940055608 -1.554312234475221e-17 -1.156482317311581e-21 5.86293359061915e-20 2.334845659977243e-19 0 0 0 1.95013152579795 -0.2729495563519533 0 
0.1033434754595235 -0.0003385277144275243 1.665334536937722e-18 0.009815264018463655 -0.001257387239889427 -1.040834085586077e-19 -7.047314121146972e-22 1.107775212089502e-20 3.410859266480908e-21 0 0 0 0.03297126583203914 -0.0005777338902988543 0 
0.1001736407315455 -0.0004963777975584338 0 7.245988975686053e-05 -0.0008991807952608348 6.776263578034411e-23 1.084202172485505e-23 -6.238838614769182e-23 7.414325483521719e-24 0 0 0 0.002533478558232753 -0.0005635828819898922 0 
0.09999909972805167 1.539339475192794e-05 5.54368092906867e-19 -1.058803072521878e-07 1.605562411744611e-06 -2.551523786565194e-22 3.614007241610251e-24 -1.202316856908993e-22 1.121055967336757e-23 0 0 0 0.002499968568013534 3.482132426233769e-07 8.656800525248412e-21 
0.09999999995988663 2.464039280773721e-08 0 -4.61832210807436e-12 2.195639671525319e-09 1.633474914639093e-22 0 4.960846902838868e-23 -2.750711981094464e-23 0 0 0 0.002499999998596018 3.515398340264376e-10 8.673617379884046e-21 
0.1000000000018673 -1.976851841944987e-11 2.775557552015748e-19 5.01885084421866e-15 -3.182779040229704e-14 1.461737564864769e-24 -1.807003620808635e-23 -2.49214246008021e-22 -1.678894337960796e-23 0 0 0 0.002500000000065374 -1.104741027390542e-12 8.673617326530907e-21 
0.09999999999785467 -4.793325458773991e-10 0 4.501773972105916e-13 3.834083552954804e-12 5.088222207948085e-23 8.052136303132673e-37 -5.669634407040051e-24 -1.640823074962924e-23 0 0 0 0.00249999999992494 -1.1941752382956e-11 -8.673617379884031e-21 
0.09999999999874221 1.006216464316531e-09 -2.45767431017048e-26 -5.4965518456048e-13 2.278776619116256e-12 2.652148533507689e-23 -3.614007241623264e-24 -1.918752774557957e-23 -8.074609515720718e-24 0 0 0 0.002499999999956 2.456770274413328e-11 -6.00063843471034e-28 
0.1000000000011838 1.477002548044829e-10 0 2.76547702330538e-13 -2.059867588544816e-12 -6.85885171074318e-23 -5.059610138267103e-23 -1.950264807955181e-22 1.832595916270955e-23 0 0 0 0.002500000000041437 3.121401791553163e-12 8.673617379884046e-21 
0.1000000000000734 4.372870121560645e-10 1.043795134920185e-26 -1.515964879092071e-13 -2.464946062672269e-13 -9.595368799310473e-23 3.252606517453943e-23 -9.464608806832917e-23 4.061061134270776e-25 0 0 0 0.00250000000000256 1.05469154460317e-11 2.517527098896198e-28 
0.1000000000015966 8.415291033458916e-11 2.775557561562925e-18 -1.919599224959795e-14 -2.854321500506666e-12 1.377127452379796e-22 2.168404344972221e-23 1.472354589200146e-22 1.635893750308081e-23 0 0 0 0.002500000000055877 2.02141634594171e-12 -8.673617379884141e-21 
0.1000000000001655 -3.49467156601782e-10 -8.632699260313233e-27 1.792752212885699e-13 -3.287832565120609e-13 -3.782870318281332e-23 1.445602896644396e-23 1.291756746078322e-22 -1.144496796092604e-23 0 0 0 0.002500000000005815 -8.512742106277987e-12 -2.102856909321606e-28 
0.0999999999992012 -4.964431643550447e-12 2.775557561562895e-19 -7.1594578645214e-14 1.442751638239133e-12 -1.465288616015786e-22 0 3.764216596374828e-25 -1.579408308706343e-23 0 0 0 0.002499999999972055 -2.142383492831366e-14 -8.673617379884046e-21 
0.09999999999933026 4.709722195572727e-11 0 5.710981872596827e-14 1.221999242789407e-12 -5.581509225591139e-23 1.08420217248519e-23 -8.122788048940206e-23 -2.477039282746948e-23 0 0 0 0.002499999999976574 1.042568809062055e-12 0 
0.1000000000000856 3.309333709844431e-10 4.996003610813189e-18 -1.414564470188989e-13 -1.506656516319189e-13 6.676637135245445e-23 2.529805069132025e-23 -7.559317928612706e-23 3.667900197518162e-24 0 0 0 0.002500000000002994 8.016357759890737e-12 0 
0.1000000000006261 5.757633952940846e-12 0 8.104004226942376e-14 -1.144582252796378e-12 -1.504354142739856e-22 1.445602896647339e-23 -5.363445708684419e-23 7.654312660432075e-24 0 0 0 0.002500000000021931 2.613198286233198e-14 -8.673617379884046e-21 
0.1000000000005853 1.615738792759557e-11 3.946426900903776e-28 -7.64381474782768e-14 -1.073326196263888e-12 6.946294669701092e-24 -2.529805069132806e-23 1.816522276008338e-22 1.41608378904295e-23 0 0 0 0.002500000000020495 4.881159495692674e-13 -8.673617367961858e-21 
0.1000000000000835 -2.893274161919209e-10 -2.7755575599568e-19 1.325038673690619e-13 -1.640465147907938e-13 -1.039737801732059e-22 1.545628134537456e-35 -5.234965113719583e-23 -4.549389496055907e-24 0 0 0 0.002500000000002945 -7.018184319286544e-12 -8.673617375988156e-21 
0.09999999999974887 -2.850571341472816e-11 -6.962493860607436e-28 -9.511096771275799e-14 4.447579094616359e-13 1.431029028172624e-22 4.701977403289151e-38 -2.231121589988964e-24 -1.597551349540507e-23 0 0 0 0.002499999999991221 -5.449904850324257e-13 -1.331134166306189e-29 
0.09999999999995911 -1.6674665120897e-10 -2.775557561562893e-19 7.145305990403467e-14 9.828693336946882e-14 2.396108580276883e-24 -1.175494350822288e-38 -2.03819035952982e-26 1.060105952266214e-23 0 0 0 0.002499999999998592 -4.032755032690159e-12 0 
0.09999999999962113 -2.404066529182468e-12 0 -3.351459734735047e-14 6.837335168001624e-13 -1.143673273801931e-23 2.938735877055719e-38 8.888491625848777e-25 -7.69390334200137e-24 0 0 0 0.002499999999986746 -1.112120378427011e-14 8.673617379884046e-21 
0.09999999999983138 2.214920954979326e-11 0 9.959696956055972e-15 3.076113527951834e-13 1.342412438012197e-22 4.81952683837138e-37 -1.297852579800587e-23 -3.584984668342864e-23 0 0 0 0.002499999999994115 5.03048123989824e-13 -8.673617379884045e-21 
0.1000000000001885 8.18988540179923e-11 1.665334536937733e-18 -4.994488387682696e-14 -3.327161998520666e-13 3.9002724661747e-22 -5.059610138265054e-23 1.646964237832261e-22 -2.51383190944834e-24 0 0 0 0.002500000000006625 2.010699007466703e-12 0 
0.1000000000000641 -7.006738939052688e-11 1.665334536101489e-18 6.398809699696721e-14 -1.185903938055692e-13 -3.864727947795576e-22 1.084202172486003e-23 -2.189991846774849e-22 4.615278927788223e-24 0 0 0 0.002500000000002246 -1.743741327546457e-12 8.673617359072667e-21 
0.09999999999991432 4.978118611775882e-11 -2.220446048642361e-18 -4.72971479111434e-14 1.45647564227381e-13 3.332262590904995e-23 4.336808689942359e-23 4.981542706871096e-23 -9.419658548742835e-24 0 0 0 0.002499999999997023 1.23763304292479e-12 -8.673617364769491e-21 
0.1000000000000717 -2.948964857030227e-11 -1.942890293094025e-18 2.972359349392298e-14 -1.220061198596062e-13 8.911126209356291e-23 -3.614007241618491e-23 -1.151893690802078e-22 1.557399149342908e-22 0 0 0 0.002500000000002508 -7.423234119410826e-13 8.673617379884042e-21 
0.09999999999994684 1.506121616312583e-11 2.775557561654859e-18 -1.57826016144993e-14 8.932529691883785e-14 1.975718773526303e-23 -1.445602896647358e-23 -9.356398706448735e-23 1.520907689076511e-22 0 0 0 0.002499999999998156 3.935613228540911e-13 -8.673617377480863e-21 
0.1000000000000331 -4.608076073497889e-12 2.77555756184427e-19 6.140999745755645e-15 -5.749711961718988e-14 1.357743522896706e-23 1.445602896647241e-23 1.328656703643492e-22 1.558790169192346e-22 0 0 0 0.002500000000001174 -1.234567461282087e-13 8.673617380637887e-21 
0.1000000000000037 -2.054779957294527e-13 5.55111512312579e-19 -2.910164701811852e-15 -9.759576512151616e-15 8.052646699462898e-23 0 -1.323155208993038e-23 1.542685510446922e-22 0 0 0 0.00250000000000016 -9.16150835750251e-16 0 
0.1000000000000037 -7.868662318943899e-12 -2.402391771860271e-29 2.990284177680425e-15 -6.322101421625421e-15 3.273049949888529e-23 1.445602896647477e-23 -1.062220019415518e-22 9.989145582408545e-23 0 0 0 0.002500000000000137 -1.813057082938885e-13 -8.673617380437584e-21 
0.09999999999998302 -1.603795221627457e-12 -2.775557561598504e-19 -6.476268595475438e-16 3.043223652896073e-14 8.119686773873468e-23 -2.350988701644575e-38 -4.023271772801713e-24 1.425360925036786e-23 0 0 0 0.002499999999999402 -4.575468693160389e-14 -8.673617379985634e-21 
0.09999999999999601 7.162673232308238e-13 5.551115123125785e-19 -8.419850464994925e-16 6.900353280306168e-15 -8.111926339924521e-23 -1.445602896647345e-23 1.270366531316398e-23 4.576810183560754e-24 0 0 0 0.002499999999999873 2.244569547588116e-14 -8.673617379884039e-21 
0.1000000000000128 -1.055579235131887e-13 -5.551115123125785e-19 -1.072940578975925e-15 -2.333612347019006e-14 1.388728464833332e-23 2.938735877055718e-38 7.524742295832558e-25 1.585088654772667e-23 0 0 0 0.002500000000000467 -3.415236843329338e-16 -8.673617379884039e-21 
0.09999999999999402 -5.946285130953303e-12 -2.775557561562892e-19 3.203899414290931e-15 1.007177227925396e-14 2.560785091266911e-23 -1.028557556969502e-38 -2.575372277758043e-24 -3.995654163402204e-24 0 0 0 0.002499999999999804 -1.355388240878442e-13 -8.673617379884037e-21 
0.09999999999998797 2.475797344914101e-12 -2.775557561555333e-18 -2.555596243884245e-15 1.954358868277329e-14 -1.335251909034607e-22 5.059610138265674e-23 1.974988295907198e-23 1.461681601978196e-22 0 0 0 0.0024999999999996 6.731946814234063e-14 -8.673617379678504e-21 
0.1000000000000259 -1.477984401532238e-13 -5.551115123125784e-19 -1.712540294758941e-15 -4.692853196025e-14 1.570519819610831e-23 4.231779662960234e-37 -2.572671379325977e-24 1.450570476376399e-22 0 0 0 0.00250000000000093 -6.234162491791644e-16 8.673617379884037e-21 
0.09999999999999985 -1.042976469078913e-11 0 4.655057358101299e-15 2.02422065765572e-15 1.472329993504498e-25 -4.701977403289151e-38 5.477606416582445e-25 1.356794657216066e-22 0 0 0 0.002500000000000011 -2.488135565636977e-13 0 
0.09999999999991664 3.666338066476992e-13 -2.77555756156289e-19 4.635552589930352e-15 1.547435205272114e-13 -3.742728893234301e-23 1.410593220986745e-37 1.294449382190886e-23 1.21155932601769e-22 0 0 0 0.002499999999997099 2.122325752640381e-15 0 
0.0999999999998305 3.188924818653406e-11 -2.77555756156289e-18 5.107613637594912e-15 2.949414873686963e-13 2.283178976508914e-23 3.25260651745649e-23 2.663831196614703e-22 1.358694462374668e-23 0 0 0 0.002499999999994067 7.532711433777543e-13 0 
0.1000000000002526 8.171657794875414e-11 5.551115123125786e-19 -5.247559470291604e-14 -4.422903671523405e-13 1.482705506124167e-22 -1.084202172484549e-23 1.054597423908628e-22 8.021638191634539e-24 0 0 0 0.002500000000008865 2.010037644141489e-12 0 
0.09999999999995725 -9.009078205668473e-11 -1.100229466004e-27 8.559117442574356e-14 7.073077864678688e-14 -8.67225041389286e-23 -2.688943327505982e-37 6.297657196367657e-24 -4.624646083538295e-24 0 0 0 0.002499999999998521 -2.248884672234618e-12 -8.673617407348426e-21 
0.09999999999984989 1.008914306266372e-10 0 -7.352643447790987e-14 2.49566065257148e-13 -1.770171130432941e-23 -7.228014483233085e-24 2.434275621172784e-23 -1.79812784287887e-24 0 0 0 0.002499999999994767 2.503403842731008e-12 0 
0.100000000000442 -2.11585089726629e-11 0 7.19056481025391e-15 -7.840927799434827e-13 -1.846109456011511e-24 -1.08420217248543e-23 -1.111750814168318e-22 1.320593993016323e-23 0 0 0 0.002500000000015488 -4.999229112276346e-13 -8.673617379884045e-21 
0.1000000000000382 -1.144078321663189e-10 5.551115137097782e-19 3.806224294079001e-14 -9.812065278622016e-14 -4.948938711478309e-23 -2.168404344970915e-23 -5.795379910976918e-23 -2.144517329303576e-23 0 0 0 0.002500000000001372 -2.767122468660954e-12 3.37933538433149e-29 
0.1000000000002325 -4.708989274904172e-11 1.124026087877981e-27 -5.982489041192381e-14 -4.127568854552917e-13 -1.275191015264518e-22 3.614007241617633e-24 8.477374153705064e-23 -1.348462615286347e-23 0 0 0 0.002500000000008139 -1.023256457864667e-12 8.673617404308967e-21 
0.09999999999991778 -2.280641387547589e-10 -2.775557507124441e-19 9.500030646404844e-14 1.600345810258701e-13 1.585838234615989e-22 -6.979497708007326e-38 8.426676420047545e-25 -1.999973416240503e-24 0 0 0 0.002499999999997123 -5.538209051515086e-12 1.321959148898588e-28 
0.09999999999945272 -2.9478156027274e-12 0 -4.310764014266627e-14 1.005486473258536e-12 9.799248844881656e-23 1.445602896647338e-23 5.756517552366961e-23 -1.027192019103144e-23 0 0 0 0.002499999999980869 -1.287761130369663e-14 8.673617379884046e-21 
0.09999999999932944 4.716348839250958e-11 6.106226635438369e-18 5.698287096810663e-14 1.213231865215761e-12 2.973220265680013e-22 -6.143812310751204e-23 3.056651064078734e-23 -1.815905699693264e-23 0 0 0 0.002499999999976541 1.043365697658832e-12 -8.673617379884046e-21 
0.1000000000000846 3.309264320905401e-10 1.665334536937734e-18 -1.414359340294437e-13 -1.522078282568841e-13 -3.293909035855962e-22 2.529805069133879e-23 -1.304761852969745e-22 -3.979964612268404e-24 0 0 0 0.002500000000002992 8.016374022923345e-12 8.673617379884031e-21 
0.1000000000006681 5.357346510859195e-12 0 7.632657469021813e-14 -1.228074402125335e-12 -1.367585110666834e-22 -1.445602896647338e-23 5.448636991893973e-23 -5.250220953464e-24 0 0 0 0.002500000000023397 2.381179021321299e-14 -8.673617379884046e-21 
0.1000000000007953 -6.419951376068793e-12 0 -9.057848845972477e-14 -1.446820612449425e-12 -2.898464292399254e-26 2.057115113939003e-38 4.238075529944132e-24 3.667010211605044e-24 0 0 0 0.002500000000027852 -2.914064389097927e-14 -8.673617379884046e-21 
0.1000000000000454 -3.921920514043924e-10 -2.775557466858892e-19 1.742414215226075e-13 -3.873960425072395e-14 1.727678648567701e-22 7.228014483218083e-24 2.485313729967301e-23 6.16471753400209e-24 0 0 0 0.002500000000001592 -9.517165972406467e-12 2.298143452204471e-28 
0.09999999999819451 -1.87014900093761e-11 4.515914394697508e-28 3.309472348940711e-14 3.217088003478316e-12 1.337718183647046e-22 2.40608999933937e-38 -2.625069433971073e-24 2.25926542782205e-25 0 0 0 0.002499999999936803 -4.889047066497466e-13 1.180575345220105e-29 
0.09999999999995969 4.951387390372831e-10 0 -2.308147969050582e-13 9.33116378153621e-14 -1.126656264228379e-22 4.698209414098476e-23 -1.35151952177848e-22 2.148073812025022e-23 0 0 0 0.002499999999998611 1.201489266151188e-11 0 
0.1000000000012567 5.988005230550567e-12 0 8.595079324195471e-14 -2.277620585658871e-12 1.763648626520184e-24 0 -2.852112404406328e-24 2.914941626410537e-23 0 0 0 0.002500000000043994 2.570643350963142e-14 8.673617379884046e-21 
0.1000000000009639 -1.3143652832781e-10 -5.55111512312579e-19 -5.317482426590477e-14 -1.759749879275676e-12 1.169085873767726e-22 -1.445602896647854e-23 8.312460562255238e-23 1.597842273120324e-23 0 0 0 0.002500000000033747 -3.04524472045235e-12 -8.673617379884046e-21 
0.09999999999974808 -4.772129306301864e-10 -1.13909748395413e-26 1.89069373120522e-13 4.556607347299061e-13 -1.189506645010966e-22 -3.761581922631317e-37 1.728186337814153e-24 1.669893260937007e-23 0 0 0 0.002499999999991181 -1.155345621690196e-11 -8.67361765566264e-21 
0.09999999999886401 -6.610337277557249e-12 0 -9.022362324843463e-14 2.037049096573542e-12 -9.144968922755894e-23 -2.350988701644576e-38 -5.705623582408484e-25 -3.64872311427041e-24 0 0 0 0.002499999999960248 -3.117894397525202e-14 -8.673617379884046e-21 
0.09999999999991709 8.307386896444538e-11 7.977940158970279e-27 -2.771333463638767e-14 1.754234511027444e-13 4.877709443324135e-23 -3.614007241619498e-24 -2.632516431296303e-23 -5.352320747274745e-24 0 0 0 0.002499999999997119 2.013424420677793e-12 8.673617573241832e-21 
0.1000000000004138 4.009158456608187e-11 1.91395581199574e-27 -2.730904137088326e-14 -8.32476979537331e-13 -4.707849267642412e-23 -3.614007241617081e-24 4.083189169853145e-23 -1.50835809204851e-23 0 0 0 0.002500000000014485 9.971109224751696e-13 8.673617427485713e-21 
0.1000000000023576 -1.420639647586894e-10 -5.551115190946543e-19 -1.905804881960023e-13 -4.203943970799571e-12 6.479546384045426e-23 -7.228014483238999e-24 2.86995944586564e-23 -1.438868945703084e-23 0 0 0 0.002500000000082531 -3.107640555478951e-12 -8.673617528241531e-21 
0.099999999999659 -1.116858992442056e-09 5.362838109492624e-26 4.924116059342074e-13 5.93963070506932e-13 -5.699058562423204e-23 -7.346839692639285e-37 2.040203961526452e-24 -1.082368042045921e-23 0 0 0 0.002499999999988092 -2.71247718838966e-11 1.302454126748697e-27 
0.099999999997771 2.082600585040495e-11 9.942249818622061e-28 -2.802471176417226e-13 3.758394627323137e-12 5.636438197903644e-23 -3.614007241617193e-24 1.081984269206223e-22 -4.841517822866614e-24 0 0 0 0.002499999999921991 9.294485753957809e-13 4.437149397020627e-29 
0.1000000000494511 5.110641076999537e-10 -5.55111512312585e-19 -5.798924995053694e-12 -8.587862420542665e-11 2.524212078804632e-22 -1.084202172484574e-23 -1.332538758241155e-22 3.777247603443361e-23 0 0 0 0.002500000001730794 3.109724256529081e-11 0 
0.1000000142315645 -7.93352119242422e-08 0 -1.687255132514174e-09 8.053579639064227e-09 -3.456250112460947e-22 1.763241526233432e-38 1.500160318936368e-23 -1.154868523254606e-23 0 0 0 0.002500000498101858 3.477803169147517e-11 -8.673617379884046e-21 
0.09999543183972855 -7.789740778677305e-05 -3.049394527404794e-18 5.357393032020187e-07 8.694389000778749e-06 -6.480006272045611e-22 5.782411586589913e-23 1.174506616775683e-22 -7.700609039809452e-24 0 0 0 0.002499840673800699 -2.192892037187575e-06 1.04687766898721e-22 
0.1005580457718414 0.000302177285717862 -1.665334536937732e-18 -0.0002367276517994508 -0.000577343102737478 1.084202172485503e-21 1.807003620805733e-23 -2.82578148169834e-22 1.027225510236533e-23 0 0 0 0.002612464322711421 0.0008311222781083872 8.673617379884022e-21 
0.106800149799064 0.0003076757845690155 -2.22061684362039e-18 -0.0140979965133822 -0.0005791333271685445 3.214835770751463e-22 -5.999252021086991e-22 -7.129322110234595e-21 2.170496579653403e-22 0 0 0 0.03276059120549097 0.0008314213074245825 4.158721026951008e-19 
0.128867638497744 0.0003080596144781045 -2.220446049250316e-18 -0.1500200321407776 -0.0005791412854748458 -5.55111512312579e-19 1.176359357146772e-20 1.185434060064836e-19 3.183418895011753e-21 0 0 0 0.788775758138116 0.0008314213933872973 0 
0.1475591831977248 0.0003099169050878674 -1.665334536937737e-18 -0.4750164866386598 -0.0005791440303562513 -2.220446049250316e-18 4.432579881844907e-20 3.68641981006727e-19 -1.142402001163041e-21 0 0 0 4.401083477437008 0.0008314213973292829 0 
0.1244126671809581 0.0003056508318196525 -2.205684733542598e-18 -0.636175216557607 -0.0005792927657195076 2.19246927800754e-18 2.596591922957552e-19 -3.709215712932746e-19 1.214011314480935e-20 0 0 0 9.670960890510633 0.0008314214051591229 4.015324864206292e-20 
0.08082843379222769 0.0003008787744386317 -2.220446049250316e-18 -0.4843123747985112 -0.0005787286477574479 -2.220446049250316e-18 -1.480297366166862e-20 3.416425365148301e-19 5.476446856978364e-21 0 0 0 12.56521460080709 0.0008314227642580753 0 
0.06428811005007437 0.0004234822466497113 -2.775557561562871e-18 -0.3051310531500889 -0.0005745175942433051 -7.77156117237604e-18 -1.776356839399787e-19 -2.727811396940749e-19 -4.553939484766011e-20 0 0 0 14.80700155884518 0.0008314234512640761 0 
0.07610245690456262 0.0004544076170675634 -2.242391529508271e-18 -0.2207475812553732 -0.0005707961069885731 -9.964440793981409e-18 -5.921189464663774e-20 1.158801012522469e-18 -6.277447096232322e-20 0 0 0 17.55908325147142 0.0008314234774875429 -7.109442692473465e-17 
0.08556034270471363 0.000496459731950127 -2.220446049250316e-18 -0.1469951884036827 -0.0005701509531468574 -8.881784197001263e-18 2.960594732333761e-20 -6.023244661632631e-19 -1.58655145084694e-20 0 0 0 20.29438086641811 0.0008314235019124573 -7.105427357601011e-17 
0.09201907584944144 0.0005971368646920591 -2.775557561562925e-18 -0.08679831445241308 -0.0005695255681514462 -8.88178419700136e-18 -1.184237892933374e-19 -2.47094861539899e-18 2.123977585451712e-19 0 0 0 22.31189297733179 0.0008314235439454783 7.105427357601088e-17 
0.09598507727916546 0.0009477351079208819 -3.330669073875473e-18 -0.04552607231515274 -0.0005680978699790276 -8.881784197001262e-18 2.072416312633577e-19 -2.002200848679368e-18 -1.043402823720309e-19 0 0 0 23.61977498578051 0.0008314236898510269 -7.105427357601009e-17 
0.09817454575348122 0.001835492173205263 -2.775557561562887e-18 -0.02123302027555679 -0.00056191652410987 -8.881784197001239e-18 1.184237892926403e-19 -4.379955475406444e-19 -5.814411986425805e-20 0 0 0 24.36421442007644 0.000831424464364795 7.105427357600991e-17 
0.09925104750765423 0.005166523230100699 -5.55111512312579e-19 -0.008827581982624191 -0.0005177738961940307 -8.847089727481728e-18 6.809367884367619e-19 1.250302307999879e-18 -3.305967241694092e-20 0 0 0 24.73816585924778 0.000831430145598059 0 
0.09972208800002898 0.003181545075621834 1.518856576640404e-19 -0.003284369297116876 -0.0001576671008802428 -8.31685241269071e-18 1.184237892933254e-19 -6.402620428087134e-19 4.920868709603728e-20 0 0 0 24.90261155486766 0.0008314938995335153 -7.101457839810992e-17 
0.09990512527914257 0.001232096513806619 5.551115123125789e-19 -0.001068077054108115 0.0001525996035039532 -7.702172233337032e-18 5.921189464666071e-20 -2.031040241619e-19 2.322228502495747e-19 0 0 0 24.96677001297299 0.0008324537718706767 7.105427357601009e-17 
0.09997056631147293 0.00033177341293865 1.60228979671278e-20 -0.0002319308298387243 0.0008020800303340517 -5.098755778621074e-18 5.921189464882485e-20 2.195465808026394e-18 1.502226520895468e-18 0 0 0 24.98969688939194 0.0008716946367948792 4.20982323452169e-20 
