0.09999948735789913 -7.651471838499739e-06 0 2.712107555523048e-05 0.0001719943100672771 -1.057097118173368e-20 2.368475785866679e-19 -9.562107794839802e-19 -6.758594379938566e-19 0 0 0 249.9982057650169 -0.02623937556212053 0 
0.09999157989951715 -0.0001145666529186577 2.830887184690066e-19 0.0002679808289245168 0.0007434655376707661 -2.126304003854147e-19 9.473903143468756e-19 -3.770242457015738e-18 6.027884541227119e-19 0 0 0 249.9705289041261 -0.05554143011741145 1.139550734008519e-15 
0.09995800823427416 -0.0006395042738629688 0 0.001442719993347943 0.001010304975997491 -2.341876692568692e-19 4.736951571734259e-19 -9.523970525355222e-19 -4.634048819213259e-19 0 0 0 249.8529840092329 -0.06272460356715498 1.136868377216162e-15 
0.09983869821277754 -0.002198493280376662 0 0.00576295775992093 0.001032128247247721 -2.255140518769845e-19 9.148167235839384e-34 -9.961080396158981e-21 -7.116545846058125e-20 0 0 0 249.43478420579 -0.06301859123301065 -1.136868377216159e-15 
0.09948084823243546 -0.006797099537711445 -2.775557561562894e-19 0.01887477143942392 0.001033302057182076 -2.081668171172171e-19 -1.733336949948513e-33 -3.646779569353216e-20 -4.535581541960408e-19 0 0 0 248.1761166748788 -0.06303251963260129 1.136868377216162e-15 
0.09856981036009198 -0.01873872682741129 2.775557561562925e-19 0.05194703571602072 0.001033432552743252 0 6.779273404243071e-32 -3.47800773220359e-18 -8.301950531085817e-19 0 0 0 244.9337150989316 -0.06303378840044591 1.136868377216174e-15 
0.09643468239378512 -0.04596143267730952 -2.775557561562894e-19 0.1265921643176046 0.001033458005893896 0 8.185202263645754e-34 2.042176070469562e-19 -7.746049941993938e-20 0 0 0 237.0942469764537 -0.06303392759949748 0 
0.09224978872986765 -0.09568065918879345 4.012643933924001e-18 0.2742768124952165 0.001033432052513142 -1.159558647165844e-18 2.368475785867201e-19 -3.847007391579754e-18 4.551028789523679e-19 0 0 0 220.7044545070471 -0.06303394479507639 -1.13385916253185e-15 
0.08501413706466975 -0.1449083004072813 -5.332968586420849e-18 0.5238884984972053 0.0009918349812242848 2.268346423676394e-18 2.368475785888796e-19 3.185308174793049e-18 5.234127117474439e-19 0 0 0 191.2842589878536 -0.06303394850677468 -5.714783943400647e-16 
0.0684324563408137 -0.1506165316587079 -5.802592696695858e-18 0.8320277931242829 0.0009918343924688597 4.734976730276344e-20 -9.473903143468744e-19 -1.144267886209084e-17 2.103430696650936e-20 0 0 0 141.2984608307192 -0.06303394947941941 5.65424973700141e-16 
0.08298982041668895 0.3011810094181057 5.551115123125789e-19 1.641221371555487 0.0009918344353321135 -8.881784197001262e-18 -3.019806626980428e-18 4.627506847591189e-19 -1.569417011794156e-18 0 0 0 138.5088051053432 -0.0630339167793527 0 
0.1376325870709287 -0.2695834482391405 0 1.659257822954992 0.0009918344271608911 -8.881784197001263e-18 -1.290464407786388e-18 4.781994697998309e-18 8.22142137610957e-20 0 0 0 59.25924743891667 -0.06303391843611754 -2.842170943040404e-16 
0.1287795447001217 -0.170618597020578 -5.551115123125789e-19 0.750004072216887 0.000991834403297322 -8.881784197001262e-18 -1.515779689265103e-18 1.614908846437443e-18 -1.488428625838561e-21 0 0 0 18.21227276795373 -0.06303395707369834 -4.263256414560606e-16 
0.1091328535628932 -0.04453300730509117 0 0.1101752969904895 0.0009918185922493843 -7.771561172376104e-18 -6.187180397650475e-19 1.458829183547497e-18 2.539360538975423e-21 0 0 0 1.269967512820877 -0.06577434835787099 -4.085620730620581e-16 
0.1014490846396878 -0.001027001237990413 0 0.00416860639327062 -0.000192228759088065 -1.040834085586083e-19 -1.122149248522776e-20 1.006080849904888e-19 1.714986838282814e-23 0 0 0 0.01444725117965468 -6.875957890996719e-05 -6.938893903907216e-20 
0.1000466708941105 -0.0007470589764017909 -2.775557561562894e-19 1.206839933003859e-05 -0.0002083146533387253 9.486769009248174e-21 -1.019741349338335e-36 1.796294622594208e-22 9.829471758026221e-24 0 0 0 0.002503965768982029 -6.868035913208353e-05 0 
0.09999994196656319 8.973298499213819e-07 0 -6.859954199843847e-09 -2.126507409572857e-08 4.466775307786404e-23 1.46936793852786e-38 -7.695850410533644e-25 -9.104942048715352e-24 0 0 0 0.002499997969290051 -4.308612607049449e-08 0 
0.09999999992293902 2.403754625901441e-09 0 -9.1442229332531e-12 9.961495352304185e-11 -1.830833423328283e-23 -7.228014483238793e-24 -8.448072833833164e-23 1.562962787911012e-24 0 0 0 0.002499999997302869 -7.724092090759133e-12 8.673617379884045e-21 
0.09999999999934645 -1.766513151035828e-10 2.775557561562894e-19 9.348091259406476e-14 1.383201791054341e-12 1.431705045280809e-24 -5.877471754111439e-39 -1.119811707719594e-24 -1.371733316444085e-23 0 0 0 0.002499999999977123 -4.5934691597291e-12 0 
0.09999999999991818 1.485538775325417e-09 5.551115123125741e-19 -1.60411153110579e-13 1.611132664112771e-13 1.43218715667639e-22 1.065291755432696e-38 8.866821399124129e-26 -1.048979822495224e-25 0 0 0 0.002499999999997145 3.692312568973744e-11 8.673617379883971e-21 
0.100000000000585 5.990433843416934e-12 0 8.265390293490011e-14 -1.159889674384684e-12 -1.794857890013513e-22 -4.408103815583579e-39 1.426501976165243e-23 4.619832434646883e-24 0 0 0 0.002500000000020478 2.856601673956195e-14 8.673617379884046e-21 
0.09999999999999935 1.395297072326322e-10 -5.551115190511245e-19 -1.427156263537444e-14 -6.487907454542358e-15 3.44316449259257e-23 5.877471754111439e-39 9.547504875067117e-26 -1.48811790356947e-23 0 0 0 0.00249999999999998 3.474617241063636e-12 -1.67805602731295e-28 
0.1000000000000806 3.293372519141982e-13 -5.55111512312579e-19 4.763265939085786e-15 -1.63095125092545e-13 3.578906048072863e-25 -4.798404674255041e-39 -3.016469319389222e-26 -6.628141548165061e-26 0 0 0 0.002500000000002829 1.553119612085492e-15 0 
0.1000000000002419 -4.854051188774089e-11 -2.77555758500539e-19 -2.35974869274451e-14 -4.752024187834697e-13 -8.177822205669977e-26 -1.445602896647339e-23 -4.330695433856181e-23 4.475695344482347e-24 0 0 0 0.002500000000008471 -1.167864633125364e-12 -5.640167393234186e-29 
0.09999999999948529 -5.530850950841174e-10 0 1.119360127735669e-13 1.021798632021285e-12 -1.710633437644081e-23 -1.910178320086218e-38 1.981787871822778e-25 -3.346459913411313e-24 0 0 0 0.002499999999981991 -1.379837541969079e-11 8.673617379884031e-21 
0.09999999999969757 1.136154755346227e-09 -5.55111540063051e-19 -1.367665705223764e-13 6.017710902505192e-13 1.446763566354916e-22 -3.614007241613252e-24 2.897699241531351e-23 -6.15378953053853e-25 0 0 0 0.002499999999989423 2.826655603376309e-11 -8.67361807029201e-21 
0.100000000000283 1.450528933077947e-10 5.55111512312579e-19 6.846955756995976e-14 -5.583979374731607e-13 -8.98813725954822e-23 -1.445602896647206e-23 1.149004706859768e-22 -5.213875947500396e-24 0 0 0 0.002500000000009909 3.489586007307513e-12 0 
0.1000000000000193 4.880493145037493e-10 1.164963710146358e-26 -3.767665508284728e-14 -4.62273386767818e-14 -7.439910873058582e-23 6.465218929522575e-37 1.564167959545491e-23 -7.493123379863112e-24 0 0 0 0.002500000000000674 1.210513893984417e-11 -8.673617090936825e-21 
0.1000000000003835 9.332560765851168e-11 0 -4.762201744065412e-15 -7.603955292100318e-13 -2.865935455200316e-25 -1.807003620809034e-23 1.286734455332502e-22 -7.579694042363743e-24 0 0 0 0.002500000000013417 2.317484854193188e-12 0 
0.1000000000000402 -3.94238548057094e-10 2.775557464176262e-19 4.475364847230655e-14 -8.221218366146612e-14 -7.379333264036475e-23 -5.466048731323639e-37 7.287236301411034e-23 -1.024069542543297e-23 0 0 0 0.002500000000001415 -9.795757141637599e-12 -2.419793214707827e-28 
0.09999999999980821 -1.274327865452568e-12 -2.775557561562895e-19 -1.767064342073077e-14 3.817519788039586e-13 7.379303715326476e-23 0 -5.291884009705069e-25 9.204894393898893e-24 0 0 0 0.002499999999993293 -5.968532959532726e-15 -8.673617379884046e-21 
0.09999999999983906 4.827813496199847e-11 0 1.407819115913721e-14 3.212990685415512e-13 6.986152176637289e-26 3.614007241617754e-24 -7.113433623404748e-23 6.278501934525289e-24 0 0 0 0.00249999999999437 1.177533005998482e-12 0 
0.1000000000000202 3.713107946112793e-10 5.551115123125765e-19 -3.525558872619242e-14 -4.053431684640096e-14 -1.257947639288692e-24 -8.537027722846855e-37 -2.94579566234235e-23 2.927672697806078e-24 0 0 0 0.002500000000000712 9.212891408962033e-12 0 
0.1000000000001507 1.452310494087789e-12 -5.55111512312579e-19 2.005609544183014e-14 -3.008920898011656e-13 -1.909642526705834e-22 1.445602896647339e-23 -5.761731523557513e-23 1.031555150631403e-23 0 0 0 0.002500000000005275 6.91992036588876e-15 -8.673617379884046e-21 
0.1000000000001409 2.22581501840846e-11 5.436532380385792e-28 -1.891258931870625e-14 -2.815735108690675e-13 9.891442394243039e-23 7.228014483236689e-24 1.400925874813327e-23 -9.72404115356048e-24 0 0 0 0.002500000000004935 5.797716907257608e-13 -8.673617365723175e-21 
0.1000000000000203 -3.250664494525166e-10 1.804481283576667e-28 3.297997083762259e-14 -4.141796885254784e-14 7.894881041866897e-25 1.61336599650359e-36 -5.728004419847334e-23 -8.059443574884464e-24 0 0 0 0.002500000000000716 -8.067125526617392e-12 -8.673617375405877e-21 
0.0999999999999399 -2.535220297583683e-11 -6.192251883123788e-28 -2.358588000831841e-14 1.190808970459275e-13 2.226536335396202e-28 3.971885208833121e-39 -2.674431075505862e-25 -8.047492852397259e-26 0 0 0 0.002499999999997898 -5.945602083584629e-13 -8.673617394406124e-21 
0.09999999999998978 -1.869250414177059e-10 0 1.77492418910551e-14 2.179074180666568e-14 -7.350091577539188e-25 -1.46936793852786e-39 -7.867670081174127e-28 2.226682713175586e-24 0 0 0 0.002499999999999649 -4.632614279166641e-12 0 
0.09999999999990901 -6.00648003556972e-13 0 -8.307559270133897e-15 1.810790745250938e-13 -7.179314099927442e-23 -2.350988701644576e-38 5.719497557376226e-26 -9.08301739968438e-24 0 0 0 0.002499999999996819 -2.862293735361744e-15 0 
0.09999999999995948 2.379823768605681e-11 0 2.411373415759945e-15 8.080295924336764e-14 7.179461026848759e-23 1.46936793852786e-38 5.756362779556866e-23 -5.757834644149063e-24 0 0 0 0.002499999999998586 5.740850503310743e-13 -8.673617379884045e-21 
0.100000000000045 9.277947334018785e-11 5.551115123125777e-19 -1.242290506575744e-14 -8.959582379265792e-14 7.328448389743533e-25 7.22801448323641e-24 -1.428447665824253e-23 3.319363083455729e-24 0 0 0 0.002500000000001584 2.314985768185623e-12 0 
0.1000000000000155 -8.070870360921141e-11 -2.775557571195394e-19 1.590876573994363e-14 -3.093968688548875e-14 -3.452224776078439e-26 -7.228014483236419e-24 -2.837617133836943e-23 -5.44531538141558e-25 0 0 0 0.002500000000000542 -2.014080362992139e-12 -2.403784271872213e-29 
0.09999999999997948 5.738656078113633e-11 5.551115130134084e-19 -1.173764118308099e-14 3.986001381078961e-14 -5.583814373627734e-23 3.115060029679061e-37 1.149752025876092e-22 -2.013382588959692e-24 0 0 0 0.00249999999999929 1.42926035590074e-12 1.745477530835441e-29 
0.1000000000000171 -3.407539007904697e-11 -1.387778780781447e-18 7.37365099534606e-15 -3.35398730760492e-14 1.449123946037866e-24 -7.228014483236701e-24 7.229274945600549e-23 4.071243664490131e-23 0 0 0 0.002500000000000598 -8.574846561970619e-13 0 
0.09999999999998727 1.74415169806874e-11 1.065018555499239e-28 -3.913624285756204e-15 2.458633560357667e-14 8.150745761624668e-23 1.175494350822287e-38 5.865958501424568e-25 3.25043772929006e-23 0 0 0 0.00249999999999956 4.546899965915395e-13 2.776440168054636e-30 
0.1000000000000079 -5.383367362998822e-12 3.287206118029297e-29 1.518669680751956e-15 -1.56888639928631e-14 6.72793660354494e-25 -4.701977403289151e-38 1.147323566760646e-22 3.580674930235425e-23 0 0 0 0.002500000000000282 -1.428124654125062e-13 8.720452801744646e-31 
0.1000000000000009 -5.221517662690188e-14 -2.775557561562895e-19 -7.194349282979567e-16 -2.345095843100942e-15 3.135260614623972e-27 0 -1.427481766136559e-23 3.511314206098968e-23 0 0 0 0.002500000000000039 -2.466559942404522e-16 0 
0.1000000000000009 -8.806106885361766e-12 -2.775557561831752e-19 7.446362970675597e-16 -1.776057845291488e-15 -1.814163138110248e-23 1.08420217248551e-23 -1.29441800550838e-22 1.281114021947508e-23 0 0 0 0.002500000000000033 -2.082305139948504e-13 -6.35751355433188e-31 
0.09999999999999593 -1.703932134278218e-12 -3.783489375748726e-30 -1.599167557634725e-16 8.126277725702286e-15 1.19240727930598e-22 -4.408103815583578e-39 -2.236055626586406e-25 4.73658956737827e-24 0 0 0 0.002499999999999857 -5.216909803457125e-14 -8.673617379999877e-21 
0.09999999999999903 8.318432748177785e-13 5.551115123125785e-19 -2.120641625265779e-16 1.815281074076289e-15 -9.131286695290169e-23 -5.877471754111438e-39 1.418784074978553e-23 6.85565769625021e-24 0 0 0 0.00249999999999997 2.598561556904633e-14 8.673617379884039e-21 
0.100000000000003 -2.662800535624398e-14 0 -2.662134401809623e-16 -6.298663993320906e-15 3.60655740365435e-23 6.612155723375366e-39 1.31376210451677e-25 1.139140528645285e-24 0 0 0 0.00250000000000011 -8.402566836762658e-17 0 
0.09999999999999859 -6.697854076920254e-12 0 7.977327132202541e-16 2.704523486014469e-15 -2.725615796953778e-23 3.673419846319649e-39 -4.741454984669923e-25 -2.006956796698743e-24 0 0 0 0.002499999999999953 -1.560681922238572e-13 0 
0.09999999999999709 2.900284179485626e-12 8.854896253557812e-30 -6.37790514845802e-16 5.36779700773095e-15 -1.850621223377835e-23 -2.350988701644574e-38 -5.68716906429606e-23 3.322623827622789e-23 0 0 0 0.002499999999999906 7.792296538924886e-14 -8.673617379646131e-21 
0.1000000000000062 -3.564856743132335e-14 0 -4.256125544592017e-16 -1.261431400252528e-14 -8.925129683181647e-26 1.175494350822287e-38 -4.728800464747163e-25 3.012798307351059e-23 0 0 0 0.002500000000000222 -1.544988095791842e-16 0 
0.09999999999999996 -1.173072056159793e-11 2.775557561562895e-19 1.167936812077978e-15 1.33852379079531e-16 2.081882814968775e-28 0 1.558542823599259e-25 3.007678344562533e-23 0 0 0 0.002500000000000003 -2.862564785904844e-13 -8.673617379884046e-21 
0.09999999999997995 8.26595736302951e-14 0 1.166549495890123e-15 4.012594762643905e-14 6.546250203728023e-26 -3.526483052466863e-38 1.413884354125159e-23 2.587057862786994e-23 0 0 0 0.002499999999999303 4.445228907190581e-16 8.673617379884033e-21 
0.0999999999999595 3.468779083415365e-11 0 1.233433031637279e-15 7.996050433498242e-14 -1.981213750498621e-25 -2.571393892423754e-39 3.869126460535365e-25 -1.043161794875676e-24 0 0 0 0.002499999999998582 8.604607911605337e-13 8.673617379884033e-21 
0.1000000000000604 9.272886278277633e-11 5.551115123125786e-19 -1.303801395550693e-14 -1.195947634310626e-13 3.645574891983624e-25 3.800152831017678e-37 5.736886465534684e-23 6.970263654938542e-26 0 0 0 0.002500000000002122 2.314736401685954e-12 -8.67361737988404e-21 
0.09999999999998992 -1.039571206895578e-10 2.775557548867174e-19 2.128177610990095e-14 1.962191580087606e-14 1.766253620653686e-23 -4.040761830951613e-39 7.762654225934698e-25 -1.285242261654618e-24 0 0 0 0.002499999999999649 -2.598557491146498e-12 -8.673617411618789e-21 
0.09999999999996428 1.151268316790242e-10 5.551115123125786e-19 -1.829842643149098e-14 6.948773465305876e-14 -6.365835221903522e-23 -1.084202172485379e-23 4.235682706244558e-23 -5.630841931803496e-24 0 0 0 0.002499999999998758 2.886257313879089e-12 0 
0.1000000000001059 -2.35144802934739e-11 0 1.762306967024164e-15 -2.101293561238374e-13 1.795432406682276e-23 3.614007241618312e-24 2.967359893547416e-23 3.363225652767591e-24 0 0 0 0.002500000000003713 -5.728084022729726e-13 8.673617379884045e-21 
0.1000000000000096 -1.276025292373806e-10 8.326672700272065e-19 9.469225403791217e-15 -2.144239015303464e-14 5.343568009994168e-26 3.614007241617265e-24 -1.514555634595697e-23 -8.074572266832648e-24 0 0 0 0.002500000000000345 -3.175999502454118e-12 3.87867455120486e-29 
0.1000000000000558 -4.791267209369752e-11 2.775557572999551e-19 -1.482887331446097e-14 -1.105104297362844e-13 -8.575360697465717e-28 -1.175494350822288e-38 3.873925158152139e-25 -1.255783374220702e-23 0 0 0 0.002500000000001952 -1.151880782597486e-12 2.749515817895395e-29 
0.09999999999997983 -2.556914315693394e-10 6.103302062344419e-27 2.366595576915387e-14 4.047175381020993e-14 -2.39775427521011e-25 -2.057115113939001e-38 5.851093645721799e-27 5.481497280795025e-24 0 0 0 0.002499999999999296 -6.363438693080707e-12 1.518939772862491e-28 
0.09999999999986835 -7.597221463040458e-13 2.775557561562895e-19 -1.063631590210908e-14 2.63163196753493e-13 -2.634426653053097e-23 -8.816207631167158e-39 7.978657487753593e-25 -1.021749468716501e-23 0 0 0 0.002499999999995397 -3.607682728945531e-15 0 
0.09999999999983904 4.828242840260152e-11 2.220446049250316e-18 1.407123931263135e-14 3.207141478696444e-13 1.723520731348721e-22 -1.084202172485429e-23 1.321898860446581e-23 -1.26966775039142e-23 0 0 0 0.002499999999994367 1.177579084590812e-12 8.673617379884046e-21 
0.1000000000000203 3.713110548198017e-10 0 -3.525449307484503e-14 -4.063236294306989e-14 -2.367530554128763e-22 3.614007241620858e-24 8.707180796551115e-23 -1.800264945225605e-24 0 0 0 0.002500000000000719 9.212926645532663e-12 0 
0.1000000000001609 1.363579388291575e-12 -5.55111512312579e-19 1.886431473992663e-14 -3.217014573046148e-13 1.677360275471159e-23 -1.445602896647339e-23 5.765663919965466e-23 -1.193406015930497e-24 0 0 0 0.002500000000005632 6.464555453444847e-15 0 
0.1000000000001912 -1.624915479947482e-12 5.55111512312579e-19 -2.240239429148379e-14 -3.813437546934619e-13 2.332360036328378e-25 8.816207631167158e-39 7.429868632754272e-25 -9.127426138945432e-24 0 0 0 0.002500000000006693 -7.822518674482948e-15 8.673617379884046e-21 
0.1000000000000101 -4.407463977118533e-10 2.775557667991461e-19 4.352410122125298e-14 -1.749442527210312e-14 1.843107989796623e-23 1.445602896646931e-23 5.687212288847681e-23 2.10127679853302e-24 0 0 0 0.002500000000000354 -1.094291351326835e-11 2.642423712213414e-28 
0.0999999999995677 -2.259204108512305e-11 5.455379410450959e-28 8.221509584236366e-15 8.591198689841283e-13 3.684341882973168e-26 0 3.667234560338223e-25 -1.480967376753381e-23 0 0 0 0.002499999999984862 -5.701765014992593e-13 8.673617393652393e-21 
0.09999999999999006 5.570338461324834e-10 0 -5.761699474008634e-14 2.112753605318125e-14 2.648048286645891e-28 -1.153086489759738e-36 -1.423852225847677e-23 1.134097486222646e-24 0 0 0 0.002499999999999657 1.381754682460577e-11 -8.673617379884031e-21 
0.1000000000003019 1.536184374151268e-12 0 2.121540096378106e-14 -6.017008950216544e-13 2.086629233263308e-25 5.877471754111439e-39 1.507615571513573e-25 1.266341719992431e-23 0 0 0 0.002500000000010569 7.169286865560428e-15 8.673617379884046e-21 
0.1000000000002318 -1.410294624137879e-10 0 -1.303124460190217e-14 -4.628367594026063e-13 7.338804404245997e-23 -6.817867234769268e-37 4.28514960994338e-23 8.639053105092769e-24 0 0 0 0.002500000000008115 -3.470433575930557e-12 8.673617379884046e-21 
0.0999999999999393 -5.345893432789881e-10 2.775557433957502e-19 4.71571108551154e-14 1.204873769793619e-13 -7.338845844231508e-23 0 2.569893973098039e-25 5.736480291343165e-24 0 0 0 0.002499999999997878 -1.327404982806584e-11 -3.168488486065154e-28 
0.09999999999972754 -1.629252288637424e-12 2.775557561562895e-19 -2.240645863293974e-14 5.416285266281895e-13 -2.080413009330167e-25 -4.408103815583579e-39 -2.875178529482311e-26 -4.515725499317177e-24 0 0 0 0.002499999999990466 -7.752045533271388e-15 8.673617379884046e-21 
0.09999999999997987 9.314107644875542e-11 8.944737298418996e-27 -7.061261991791585e-15 4.184867708669081e-14 -7.532134281449119e-26 -4.995850990994723e-38 -1.449861028802977e-23 6.241781123123765e-24 0 0 0 0.002499999999999297 2.316614781949787e-12 -8.673617157409585e-21 
0.1000000000001008 4.629495571617489e-11 1.11022302683526e-18 -7.038487848111089e-15 -2.062299081414938e-13 -7.39805145546854e-23 3.614007241618227e-24 4.354142368079333e-23 -5.665694277939009e-24 0 0 0 0.002500000000003528 1.156927743710395e-12 5.523125621248129e-29 
0.1000000000005654 -1.439525582069854e-10 2.775557492840533e-19 -4.721107486429214e-14 -1.122060159475352e-12 5.566609518699091e-23 1.763241526233432e-38 -1.00145730491116e-25 -8.1125265175471e-24 0 0 0 0.002500000000019788 -3.495874379907997e-12 -1.668916097941553e-28 
0.09999999999991806 -1.254055626703759e-09 2.77555816372459e-19 1.226805286987329e-13 1.601430623736543e-13 -1.134521986707997e-25 -2.938735877055714e-39 -4.098612944535922e-27 -5.7177789337059e-24 0 0 0 0.002499999999997144 -3.117688399112374e-11 1.497024984660302e-27 
0.0999999999994954 4.153010400853562e-11 1.982630140470214e-27 -7.323712932401291e-14 1.001909953937968e-12 -1.308883768758395e-27 2.938735877055719e-38 -6.979669240794467e-25 9.111226713926827e-24 0 0 0 0.002499999999982341 1.134206931933245e-12 -8.673617325737472e-21 
0.1000000000000214 -9.285757926469135e-11 -5.55111512312585e-19 1.189488091357699e-14 -3.467156925551579e-14 -1.21843227125987e-25 -1.445602896647212e-23 -7.087935133275597e-23 2.331295412566138e-24 0 0 0 0.002500000000000746 -2.315721670410139e-12 0 
0.09999999999994028 -1.085069534223497e-13 -2.775557561562895e-19 -2.503317923322848e-15 1.254533639846442e-13 -3.729706124975429e-23 -2.938735877055719e-39 -7.752431710352347e-25 -6.87134308134322e-24 0 0 0 0.002499999999997914 3.144186300207976e-16 0 
0.1000000000001851 5.486878312810331e-11 -2.220446051869728e-18 -2.772043867596667e-14 1.092598674403341e-12 -1.188192672127534e-22 3.614007241618237e-24 7.243515636485541e-23 6.066219674115962e-25 0 0 0 0.002500000000006483 1.368849966102557e-12 8.673617314535708e-21 
0.09999999973658548 -1.264143954446408e-08 0 3.096760102522975e-11 1.295369029376469e-09 8.171613873834779e-23 -4.114230227878012e-38 -8.124013360953262e-26 1.270633149051346e-23 0 0 0 0.002499999990780497 -2.711931861801996e-10 -8.673617379884022e-21 
0.09999965741970727 -5.759509465012881e-06 3.197170009301913e-24 4.043314693498452e-08 4.247103852582417e-07 -2.357616242555605e-25 1.175494350822288e-38 -5.76026792853678e-25 1.366995502775484e-23 0 0 0 0.002499988019296186 -3.03743569331868e-09 8.673619065999567e-21 
0.1000937657703911 0.0008622919123508038 5.55111512312579e-19 -2.316569943369158e-05 -0.0003950094966654541 0 1.445602896647338e-23 -5.707851678685087e-23 -1.363669105514031e-23 0 0 0 0.002507591397128077 0.0001306825595323276 0 
0.1020720955992934 0.001236613261535862 0 -0.004046375156838949 -0.0003991409583521639 -1.734723475976809e-20 -5.421010862427521e-23 -5.720483501064347e-22 1.558317288825256e-23 0 0 0 0.01008420828569073 0.0001307461938685638 -3.469446951953618e-20 
0.1101866223799928 0.00128862216789292 6.223362303641408e-20 -0.08128661917080661 -0.000399143475028139 -1.927651501057345e-20 3.845303705081629e-21 4.826799169112562e-20 1.371131984107696e-21 0 0 0 0.5585189541199068 0.0001307461945349024 6.314348446632435e-21 
0.1079842559953112 0.003748706995506371 -5.55111512312579e-19 -0.32088607460094 -0.0003991441230172271 -1.110223024625158e-18 -2.220446049250314e-20 -4.619237491449924e-19 1.265314187922726e-20 0 0 0 5.585783727683439 0.0001307461945543325 0 
0.08442242974067184 0.008891914841832351 -1.110223024625148e-18 -0.1427287565960258 -0.0003991361282497456 -2.775557561562871e-18 -2.368475785869136e-19 6.457838680790564e-19 4.663192818287511e-21 0 0 0 20.47327820219422 0.0001307461591659726 0 
0.09618042345713328 0.01773680556913362 -2.392646331873817e-20 -0.0400604851605633 -0.0003990894403044383 -2.895061534221322e-18 2.960594732334458e-20 -1.793756871872287e-21 -6.194755779364225e-20 0 0 0 23.70726202608014 0.0001307461627519928 -7.10605879229218e-17 
0.09921591409135294 0.006357655401704526 2.775557561562895e-19 -0.009104284913203481 -0.0003978949683146966 -2.914335439641039e-18 2.960594732333754e-20 -6.913994666830123e-19 -2.799488443365901e-20 0 0 0 24.72685317111826 0.0001307461698685236 0 
0.09986550624414108 0.001407548657431751 0 -0.001587650398124174 -0.0002928216172888898 -2.896988204881303e-18 -7.4389044101957e-33 4.649046274292076e-19 -1.87152095304813e-20 0 0 0 24.95294651762783 0.000130746892912367 0 
0.09998016158938486 0.0003026244736202452 0 -0.0002078225998241014 0.0006333768181335202 -3.453183919366336e-19 -1.203706215242023e-34 -2.261097408984603e-22 2.702434242713413e-20 0 0 0 24.99305681596133 0.0001311766800293798 -7.105427357601009e-17 
0.09999914768007934 1.336932977467205e-05 0 -9.047251204794315e-06 0.0001359710464680322 4.471148115376543e-19 2.960594732323077e-20 -2.360420520457215e-19 -2.334913550133389e-19 0 0 0 24.99970169407563 0.0001502374291417754 7.105427357600991e-17 
0.1000000204260099 -3.576413401540372e-07 1.665334536937737e-18 2.426010272870373e-07 -4.332358525910021e-06 -2.949389898163159e-19 -2.960594732333748e-20 -5.86426836321624e-19 1.154468161470252e-19 0 0 0 25.00000714902403 -0.0001314290895226838 0 
0.1000000000881536 1.226035297591237e-08 -5.551109270083539e-19 1.197065326626254e-09 1.469155171316393e-07 1.05536089834981e-18 -2.407412430484045e-35 -4.044403348368915e-21 -5.52262779931263e-20 0 0 0 25.00000003085381 4.320010837943731e-06 2.062355464533602e-22 
0.09999999973702377 3.017432224222637e-09 0 -2.813827885953773e-09 3.156106705792251e-08 -6.04010083292595e-19 0 -7.111699965863096e-22 9.499682398448241e-20 0 0 0 24.99999990795832 1.044004949157779e-06 0 
0.1000000000445975 1.803279747747538e-10 8.708885726684094e-27 -3.523196786174746e-10 -2.662425657406743e-09 4.616387920505272e-22 2.960594732330434e-20 6.9880538171233e-22 3.257711587985701e-19 0 0 0 25.00000001560942 -1.704211882724969e-07 -8.230440429028088e-24 
