0.09999652722113196 -3.163486930147729e-05 2.775557561562894e-19 0.0001545339522994604 0.001273807985152277 -9.75781955236955e-21 2.368475785866605e-19 -9.613606765382211e-19 -7.492352128430759e-19 0 0 0 249.987845643367 -0.1097129120998024 0 
0.09997621652867646 -0.000292545597359955 2.916841584767552e-19 0.00089410958414195 0.004537506214518471 -2.494951693372035e-19 9.473903143469091e-19 -3.759217889156883e-18 3.709762726230904e-19 0 0 0 249.9167532774782 -0.3782034343651632 1.826522199586635e-17 
0.09990686354910394 -0.001161407927120257 0 0.003543937691838043 0.01571819393539827 -1.214306433183766e-19 4.73695157173433e-19 -9.56088378125443e-19 -5.366105344595576e-19 0 0 0 249.6738301703653 -1.318294712825546 1.136868377216162e-15 
0.09970302681016036 -0.003474590207527486 0 0.01150289274805987 0.04718353165239918 -6.938893903907218e-20 1.540743955509791e-33 -1.300345153386076e-20 -4.504745479739174e-19 0 0 0 248.9583950490829 -4.044211545825688 -1.136868377216159e-15 
0.09915429882413491 -0.009667670934120215 0 0.03304488621636942 0.1188808789133949 -2.775557561562894e-19 -1.901855820082396e-33 -4.241321630211837e-20 -7.633407371282674e-20 0 0 0 247.0201855079308 -9.920694309042466 -1.136868377216162e-15 
0.09786182664143664 -0.02501565166355984 -2.775557561562925e-19 0.08168072713617298 0.2609129376617856 0 8.050387167538647e-32 -3.32128811836781e-18 -1.13038407243936e-18 0 0 0 242.3653401689676 -21.97494591949551 0 
0.09520670398634921 -0.0563574144644163 0 0.1774381033669529 0.4116940341369396 0 1.58889220411947e-33 3.272316546014595e-19 -1.531973039055763e-19 0 0 0 232.3359973431009 -42.1169637502042 -1.136868377216162e-15 
0.09052795494080634 -0.1033259605562546 5.487850511708365e-18 0.346421055300206 -0.008244650589735645 9.275380436333959e-18 1.309632362183321e-32 -1.082785758946083e-18 7.577951536004349e-19 0 0 0 213.0840454077338 -69.27347944927661 -1.240385998003809e-15 
0.08264145453919643 -0.1354746953784059 -4.322263934498226e-18 0.6154042450672239 -0.008346661513146263 8.478684670108018e-18 4.500103993149568e-18 -1.257355903894982e-18 1.50617426446897e-18 0 0 0 180.4009555636664 -113.6358685646484 -6.05644454872119e-15 
0.06608783773242742 -0.1180342269525358 -4.247126826849628e-18 0.9220110846789696 -0.008354541921550112 -4.839734504965176e-18 4.855375361027249e-18 5.310095654651474e-19 6.579662967420276e-19 0 0 0 132.7822067360546 -171.9121690363526 -8.775450664536745e-15 
0.07364373083768312 0.3278393903622782 0 1.471286406629997 -0.008354453376102506 4.440892098500631e-18 -4.440892098500645e-18 -1.235576056086542e-17 -5.548450008438125e-18 0 0 0 143.9233899697154 389.0325178450238 2.273736754432323e-15 
0.1391182083792085 -0.2653573357790386 -5.55111512312579e-19 1.981893423514829 -0.008354492408405058 8.881784197001263e-18 -2.237854722133187e-18 8.675498413508658e-18 1.86126057791018e-18 0 0 0 77.11163529876984 -314.5779146054397 2.842170943040404e-16 
0.1365155005122128 -0.2852387224018902 0 1.096448721936127 -0.008354622284679562 1.776356839400252e-17 -2.004277820100179e-18 3.830199334258488e-18 6.789172653987002e-19 0 0 0 28.96132414682889 -45.0777316477162 -7.105427357601009e-17 
0.1160833682805016 -0.09629403480390096 5.551115123125789e-19 0.2413098666350486 -0.008358086225508604 1.998401444325284e-17 -6.955084656349373e-19 3.643909510742844e-18 1.771787595365704e-20 0 0 0 3.404877370329361 -1.005749678142216 -1.776356839400252e-17 
0.1033662839657424 -0.005520946944795158 5.551115123125773e-19 0.01678020068239699 -0.002273285773926248 1.387778780781443e-19 -1.389585784403278e-20 1.503943904847458e-19 1.345805570783007e-22 0 0 0 0.08563355056323192 -0.001462731280723816 2.775557561562887e-19 
0.1002113738078895 -0.0002419852061535954 0 0.0001336441491304037 -0.00047213721986076 2.439454888092388e-21 3.614007241615952e-24 2.25600922485071e-22 9.959183090923137e-24 0 0 0 0.002584837053859563 -0.0008540220513023049 0 
0.09999882322758021 2.012097028826826e-05 0 -1.380274450444611e-07 2.20094725619631e-06 -2.911675756186693e-23 1.763241526233432e-38 -5.357954169198127e-25 -3.283217285501748e-24 0 0 0 0.002499958979864385 5.888788828475073e-07 8.673617379884141e-21 
0.1000000002149701 2.264987719949284e-08 -5.551115123125789e-19 2.548959667572999e-11 2.220191245823229e-09 -1.823002672490306e-23 -7.228014483239087e-24 -8.417444672666264e-23 1.529399977528856e-24 0 0 0 0.002500000007523904 4.891542439112574e-10 0 
0.100000000000094 -1.580065939199578e-10 0 2.105430619199542e-13 2.813368510449738e-12 1.580894419676207e-24 -2.938735877055719e-39 -1.226579477517497e-24 -9.048959033853747e-24 0 0 0 0.002500000000003287 -4.478294362945964e-12 0 
0.09999999999990553 1.476795942478842e-09 5.551115123125741e-19 -1.868701300181678e-13 1.873717313681146e-13 6.850204608775097e-23 -3.614007241617216e-24 1.453957657227826e-23 -1.211238378175135e-25 0 0 0 0.002499999999996701 3.666847099396948e-11 -8.673617379883971e-21 
0.1000000000006833 6.921893613842684e-12 5.55111512312579e-19 9.636914877209079e-14 -1.347286327053355e-12 -1.785784808205379e-22 -6.244813738743404e-39 7.19647933902116e-23 1.117582521339486e-24 0 0 0 0.002500000000023917 3.173188708321963e-14 0 
0.09999999999999908 1.387321681145518e-10 -6.700028657417047e-27 -1.665583273154555e-14 -8.57607476252571e-15 3.397896565290094e-23 1.763241526233432e-38 1.788656669742683e-25 -1.36711614848257e-23 0 0 0 0.00249999999999997 3.450940976121984e-12 8.673617213221881e-21 
0.1000000000000941 3.775625645463536e-13 0 5.560688252452074e-15 -1.898448521345707e-13 4.187144311724679e-25 -4.867281296373535e-39 -1.090047753534584e-25 -8.964281385287485e-26 0 0 0 0.002500000000003301 1.680513367352539e-15 -8.673617379884046e-21 
0.1000000000002827 -4.858045389577525e-11 5.551115099664003e-19 -2.753208193835683e-14 -5.513503536829871e-13 -1.67143212866136e-25 -1.445602896647331e-23 -4.314816408965878e-23 -1.307429768422713e-24 0 0 0 0.002500000000009898 -1.160895923661714e-12 -8.673617435949167e-21 
0.09999999999939882 -5.492123249239992e-10 0 1.304874433041878e-13 1.187094776083508e-12 -3.514475751597397e-23 -2.277520304718183e-38 1.715556059118705e-25 2.425221022230167e-24 0 0 0 0.002499999999978967 -1.370113061633514e-11 8.673617379884031e-21 
0.09999999999964687 1.129292839796566e-09 -2.758287207030241e-26 -1.594289741889733e-13 6.994209342748102e-13 1.530926420808821e-22 -3.614007241611997e-24 2.912461210041247e-23 -6.382906394106671e-24 0 0 0 0.002499999999987648 2.807140099796842e-11 -6.856413458714617e-28 
0.1000000000003306 1.451716784978122e-10 1.110223024625158e-18 7.983980259324653e-14 -6.482347824723638e-13 -8.939704910769347e-23 -1.445602896647134e-23 1.289313091087023e-22 -2.509016177423903e-26 0 0 0 0.002500000000011575 3.468934666427096e-12 8.673617379884046e-21 
0.1000000000000224 4.853547685285145e-10 -5.551115007272578e-19 -4.392358745238769e-14 -5.474174663364986e-14 -7.429112447818881e-23 9.31579273026662e-37 1.60728713476685e-23 -7.482772072225583e-24 0 0 0 0.002500000000000782 1.202252815531163e-11 8.673617666859293e-21 
0.1000000000004477 9.283676258298142e-11 5.55111512312585e-19 -5.551748875446604e-15 -8.834285234005111e-13 -5.565450289480309e-25 -1.807003620808989e-23 1.283649241944425e-22 -7.586678369974802e-24 0 0 0 0.002500000000015668 2.301725975616111e-12 -8.673617379884141e-21 
0.100000000000047 -3.918829670490651e-10 -9.680474218722527e-27 5.215869819386548e-14 -9.580029109195421e-14 -7.338909376380957e-23 -1.63393714764298e-36 7.283965686654003e-23 -1.134633289103213e-23 0 0 0 0.00250000000000165 -9.72813816264511e-12 -2.403089661915976e-28 
0.09999999999977603 -1.469917937368954e-12 2.775557561562895e-19 -2.06091109455908e-14 4.43659688546801e-13 7.335157304643656e-23 5.877471754111439e-39 -5.240055090075515e-25 1.377606620425546e-23 0 0 0 0.002499999999992167 -6.591949208711895e-15 -8.673617379884046e-21 
0.09999999999981206 4.821490429129912e-11 0 1.642084755208484e-14 3.735119910622085e-13 -1.815452099802314e-23 3.614007241617628e-24 -7.092877292713398e-23 6.283426906671778e-24 0 0 0 0.002499999999993425 1.170176694258167e-12 -8.673617379884046e-21 
0.1000000000000236 3.69177431680523e-10 5.551115123125765e-19 -4.109364284040489e-14 -4.707197353996115e-14 2.591360943945095e-23 -1.266595163011014e-36 -2.958543203366151e-23 2.94386034303573e-24 0 0 0 0.002500000000000832 9.149647185735523e-12 0 
0.100000000000176 1.676783711879189e-12 0 2.338743157470623e-14 -3.497914908449146e-13 -2.084064204698328e-22 1.44560289664734e-23 -5.749273764119853e-23 9.112346781175022e-24 0 0 0 0.00250000000000616 7.668019864903762e-15 0 
0.1000000000001645 2.19367059239861e-11 5.358019920272901e-28 -2.205447098095252e-14 -3.273645828988901e-13 9.803924715665458e-23 7.228014483236677e-24 -4.39605835559986e-23 -1.199385875770189e-23 0 0 0 0.002500000000005762 5.751367264383852e-13 8.673617393931705e-21 
0.1000000000000237 -3.231765549616137e-10 -5.55111512133179e-19 3.844434423583498e-14 -4.824047036628746e-14 -1.096858025239922e-22 2.309846399365796e-36 -5.71032493581227e-23 -8.052430520250159e-24 0 0 0 0.002500000000000836 -8.011684848527345e-12 -8.673617375436653e-21 
0.09999999999992977 -2.551036638875901e-11 -2.775557567793778e-19 -2.749986511655779e-14 1.383168057287729e-13 1.476235506604954e-22 4.08667957903061e-39 -3.710595712167202e-25 -8.162763537062101e-26 0 0 0 0.002499999999997544 -5.91543415813522e-13 8.673617365435654e-21 
0.09999999999998808 -1.858548905053758e-10 -2.775557561562893e-19 2.06926952424814e-14 2.555007706555145e-14 -7.159560211911692e-25 0 -1.27159374757738e-27 7.967980095691447e-24 0 0 0 0.002499999999999591 -4.60085799753454e-12 0 
0.09999999999989374 -6.938026542169268e-13 -2.775557561562895e-19 -9.686690801332296e-15 2.10434761408818e-13 -7.140031789808994e-23 -2.350988701644576e-38 1.622723362928609e-25 -1.251299061652095e-23 0 0 0 0.002499999999996285 -3.176712365382541e-15 -8.673617379884046e-21 
0.0999999999999527 2.371314949956015e-11 0 2.815972223920629e-15 9.393782339078652e-14 7.1402192105383e-23 6.759092517228154e-38 5.732695637774001e-23 -4.59423869537233e-24 0 0 0 0.002499999999998349 5.703011847490999e-13 0 
0.1000000000000526 9.220510639729193e-11 1.110223024625155e-18 -1.44818670944082e-14 -1.040418971882932e-13 8.608609342381293e-25 7.228014483236369e-24 -1.41789135973284e-23 7.915814184455621e-24 0 0 0 0.002500000000001851 2.298950418054562e-12 0 
0.1000000000000181 -8.014908181586129e-11 5.551115113560075e-19 1.854579938694536e-14 -3.598065365641463e-14 -1.902353095702921e-25 -7.228014483236332e-24 -2.808779099009633e-23 -5.378191252152902e-25 0 0 0 0.002500000000000632 -1.999916616861332e-12 -8.673617403752839e-21 
0.09999999999997602 5.69854059773167e-11 5.551115130085093e-19 -1.368486458412144e-14 4.625328903493961e-14 -7.396896213125694e-23 5.642372883946979e-37 1.147358321359766e-22 -3.080892246213907e-24 0 0 0 0.00249999999999917 1.419213867519947e-12 1.733208303846756e-29 
0.10000000000002 -3.383330941797441e-11 -1.110223024625157e-18 8.597179449824629e-15 -3.891154570181344e-14 1.98288878303489e-23 -7.22801448323683e-24 1.154054938865591e-22 4.17815839164456e-23 0 0 0 0.002500000000000699 -8.514456500963177e-13 0 
0.09999999999998511 1.731574952867909e-11 5.551115124183122e-19 -4.563168824282281e-15 2.852244272708308e-14 8.126802215234386e-23 2.350988701644574e-38 1.02732926572401e-24 4.407740154415687e-23 0 0 0 0.002499999999999486 4.514794029082668e-13 8.673617382640872e-21 
0.1000000000000092 -5.342341152791971e-12 2.775557561889106e-19 1.771050667231946e-15 -1.820745698608158e-14 8.19240503208433e-25 -7.052966104933726e-38 1.142877739479443e-22 4.389250876826008e-23 0 0 0 0.002500000000000328 -1.41796025875801e-13 8.673617380749871e-21 
0.1000000000000011 -6.010816844259635e-14 0 -8.390147373156975e-16 -2.738185422753399e-15 -2.848586589514393e-26 -1.175494350822287e-38 -1.424991421210086e-23 4.201245977529193e-23 0 0 0 0.002500000000000046 -2.764715539838036e-16 0 
0.100000000000001 -8.756493793948829e-12 -2.775557561830237e-19 8.679892452937826e-16 -2.058557385242282e-15 -1.785720565579479e-23 1.084202172485509e-23 -1.289943256507136e-22 1.861145724948839e-23 0 0 0 0.002500000000000039 -2.068061433907476e-13 -6.31402590572434e-31 
0.09999999999999526 -1.698467755328891e-12 -3.771356017099086e-30 -1.86512842207759e-16 9.440029604132929e-15 1.186042992323771e-22 -5.464212021400477e-39 -4.331924396658201e-25 1.409207498526177e-25 0 0 0 0.002499999999999832 -5.182350859209149e-14 8.673617379768967e-21 
0.09999999999999887 8.260319511732562e-13 5.551115123125785e-19 -2.470014933327507e-16 2.110215360270624e-15 -9.07321073339667e-23 -2.204051907791789e-39 1.413539608799765e-23 2.228130467454297e-24 0 0 0 0.002499999999999965 2.580130119972379e-14 0 
0.1000000000000035 -3.087807787238716e-14 0 -3.103857448838452e-16 -7.313471115452195e-15 1.728751433246234e-23 -2.938735877055718e-39 1.558726912802347e-25 6.90086768997336e-24 0 0 0 0.002500000000000129 -9.486769009248163e-17 -8.673617379884039e-21 
0.09999999999999835 -6.658128909320385e-12 0 9.298672942747972e-16 3.140876484768752e-15 -2.716155856258889e-23 -2.938735877055719e-39 -5.761688120028355e-25 -6.543010793207539e-24 0 0 0 0.002499999999999945 -1.549894110622341e-13 0 
0.09999999999999662 2.878166455166922e-12 8.787368334882735e-30 -7.433266964914243e-16 6.227828536570143e-15 -1.848837916806647e-23 -7.052966104933724e-38 -5.666533607317568e-23 3.431380359397387e-23 0 0 0 0.002499999999999889 7.736731177585004e-14 8.673617380120249e-21 
0.1000000000000072 -4.137315490204681e-14 0 -4.961501117358343e-16 -1.464944483675663e-14 -1.227875961814527e-25 -1.175494350822287e-38 -5.746816312919176e-25 3.706079955302862e-23 0 0 0 0.002500000000000259 -1.734723475976805e-16 0 
0.09999999999999996 -1.166237245664444e-11 0 1.360791109424515e-15 1.768229738537077e-16 1.117303143109781e-28 -1.175494350822288e-38 1.801109486044561e-25 3.585270962708898e-23 0 0 0 0.002500000000000003 -2.842832306365608e-13 0 
0.09999999999997658 9.601694439531655e-14 0 1.358770966112625e-15 4.667711853814427e-14 6.486102715148541e-26 -1.175494350822288e-38 1.405930553221074e-23 3.046071216752926e-23 0 0 0 0.002499999999999186 5.014435047745473e-16 8.673617379884033e-21 
0.09999999999995267 3.453990565782663e-11 0 1.440691084949664e-15 9.282437679567787e-14 -1.966754561194644e-25 -1.910178320086217e-38 -1.38820621048574e-23 4.787057084468386e-24 0 0 0 0.002499999999998343 8.547416247006727e-13 0 
0.1000000000000706 9.214686305658611e-11 0 -1.519990129132385e-14 -1.388515292832952e-13 3.122580306661266e-25 5.818697036570326e-37 5.713232963110608e-23 5.843034163264086e-24 0 0 0 0.002500000000002479 2.29867123599515e-12 0 
0.09999999999998821 -1.032283633572999e-10 -1.260671563730107e-27 2.480919728912515e-14 2.275575245776021e-14 -1.002454762016243e-23 -6.520320227217375e-39 9.124401845424468e-25 -1.371123737324389e-25 0 0 0 0.00249999999999959 -2.580249382211365e-12 -3.151117500746479e-29 
0.09999999999995829 1.143776046097499e-10 0 -2.133021375268556e-14 8.057139382067212e-14 -3.585344326884491e-23 -7.228014483235345e-24 2.78881733565759e-23 -9.640271918280633e-24 0 0 0 0.002499999999998548 2.866137232063189e-12 -8.67361737988404e-21 
0.1000000000001237 -2.33876286392931e-11 -2.775557561562894e-19 2.056262798922543e-15 -2.440621761987258e-13 1.799368191510605e-23 3.61400724161829e-24 2.967244923622093e-23 4.474266200392885e-24 0 0 0 0.002500000000004337 -5.689242479900433e-13 0 
0.1000000000000112 -1.269025683148239e-10 2.775557577060806e-19 1.103841300772128e-14 -2.51617578738551e-14 1.014500766428685e-22 -1.222514124855179e-36 2.813101191478084e-23 -8.054957332262445e-24 0 0 0 0.002500000000000402 -3.15432088001527e-12 3.852199634853719e-29 
0.1000000000000652 -4.7862451849068e-11 1.142466915243737e-27 -1.729005711751677e-14 -1.283620351136599e-13 -7.361924336181255e-23 -1.175494350822288e-38 4.591212028788189e-25 -1.021459104577778e-23 0 0 0 0.00250000000000228 -1.144784679378568e-12 8.67361740720982e-21 
0.0999999999999765 -2.542305341940456e-10 2.775557622247191e-19 2.758563747799134e-14 4.713462057542627e-14 -4.157910280094903e-25 -2.938735877055716e-38 8.067625059004603e-27 5.432475852016181e-24 0 0 0 0.00249999999999918 -6.319796845132734e-12 8.673617530736265e-21 
0.09999999999984628 -8.761220915420901e-13 2.775557561562895e-19 -1.240555413025331e-14 3.059936947547662e-13 -2.6016369995062e-23 -4.408103815583579e-39 7.616918729515643e-25 -4.428279324041612e-24 0 0 0 0.002499999999994625 -3.979021973021818e-15 8.673617379884046e-21 
0.09999999999981202 4.822054214259604e-11 2.220446049250316e-18 1.641078245518076e-14 3.727391661632538e-13 1.436783585376038e-22 -2.891205793294603e-23 -1.009450688091985e-24 -1.555296431315857e-23 0 0 0 0.002499999999993421 1.170241746388517e-12 -8.673617379884046e-21 
0.1000000000000238 3.691776918890454e-10 5.55111512312578e-19 -4.109205036425399e-14 -4.720218831641833e-14 -2.263724800732434e-22 3.614007241622083e-24 8.682541519893538e-23 -2.97209439576419e-24 0 0 0 0.00250000000000084 9.149685132811584e-12 0 
0.1000000000001878 1.573654401232367e-12 -5.55111512312579e-19 2.199962133760576e-14 -3.740441380371309e-13 3.470143289647807e-23 -1.445602896647339e-23 5.760597207068356e-23 -1.206744773678665e-24 0 0 0 0.002500000000006576 7.150313327541932e-15 8.673617379884046e-21 
0.1000000000002233 -1.875843230747528e-12 0 -2.612418452859385e-14 -4.432648122327634e-13 3.512894798612693e-25 5.877471754111439e-39 9.498152501565565e-25 -6.793276263481188e-24 0 0 0 0.002500000000007815 -8.670906874452858e-15 8.673617379884046e-21 
0.1000000000000119 -4.381893285720897e-10 1.058111142753551e-26 5.072362622519579e-14 -1.994264547402613e-14 1.836429360445306e-23 1.445602896646836e-23 5.666621269894339e-23 -1.404603973576475e-24 0 0 0 0.002500000000000417 -1.086766446148699e-11 8.673617642309315e-21 
0.09999999999949495 -2.238838454904337e-11 5.406201752286003e-28 9.584712190588139e-15 9.980176888412874e-13 7.035642964991398e-26 5.877471754111439e-39 4.4316755464692e-25 -1.012713216060956e-23 0 0 0 0.002499999999982317 -5.659697970700155e-13 -8.67361736621747e-21 
0.0999999999999884 5.537733466232112e-10 5.55111512312578e-19 -6.715063273950439e-14 2.474513217559315e-14 8.370760837481196e-28 -1.454674259142581e-36 -1.4185277171981e-23 6.893500060779518e-24 0 0 0 0.0024999999999996 1.372242976801361e-11 8.673617379884031e-21 
0.1000000000003526 1.771933294536517e-12 -5.55111512312579e-19 2.474329630075545e-14 -6.993278343480741e-13 3.420789923673984e-25 0 2.026062967963563e-25 1.149342657727481e-23 0 0 0 0.002500000000012342 7.914675859144216e-15 -8.673617379884046e-21 
0.1000000000002707 -1.405214486438481e-10 0 -1.520533883987173e-14 -5.380426234103137e-13 7.298565707565054e-23 -8.963144425019944e-37 4.26954143032652e-23 8.638769668250099e-24 0 0 0 0.002500000000009475 -3.44763822525405e-12 0 
0.09999999999992915 -5.315580007408924e-10 -2.775557688444688e-19 5.496315393555845e-14 1.400314695125886e-13 -7.298633859061121e-23 -2.938735877055716e-39 3.342156694692926e-25 5.724194328202952e-24 0 0 0 0.002499999999997523 -1.318306087124543e-11 -3.146769608572695e-28 
0.0999999999996818 -1.883476014041826e-12 -2.775557561562895e-19 -2.612236376283342e-14 6.293215626325025e-13 -3.413244626887727e-25 -4.408103815583579e-39 -5.449261133532625e-26 -3.328888814553602e-24 0 0 0 0.002499999999988864 -8.624828282122224e-15 8.673617379884046e-21 
0.09999999999997648 9.261840426544361e-11 8.894542845539901e-27 -8.219704777933615e-15 4.888128615908435e-14 -2.661453473321365e-25 -1.013863877584223e-37 -1.432276693005571e-23 5.051925814715939e-24 0 0 0 0.00249999999999918 2.300687852035975e-12 -8.673617158939117e-21 
0.1000000000001176 4.598530757571304e-11 2.195319732396131e-27 -8.186587519000505e-15 -2.404261804904354e-13 -9.194593258498468e-23 3.61400724161833e-24 5.772505495930732e-23 -5.64955549128495e-24 0 0 0 0.002500000000004116 1.148725754275542e-12 5.483969659919414e-29 
0.1000000000006603 -1.438344235382714e-10 2.77555749289693e-19 -5.504936784192857e-14 -1.303500213474341e-12 7.366504440506615e-23 2.057115113939003e-38 2.277307776688738e-26 -4.634193498977104e-24 0 0 0 0.002500000000023112 -3.474439702957958e-12 -1.658683271035159e-28 
0.09999999999990435 -1.246806824450868e-09 5.986810509284141e-26 1.429967332044719e-13 1.859430462600164e-13 4.344784109244922e-26 -2.204051907791786e-39 -5.405100513554445e-27 -2.231342899904398e-24 0 0 0 0.002499999999996666 -3.096271340447638e-11 -8.673615893142846e-21 
0.09999999999941066 4.04854535313024e-11 5.551115142453379e-19 -8.53839434341143e-14 1.163986047240234e-12 -1.497162480235117e-27 2.057115113939003e-38 -8.250836754392646e-25 7.914049776301822e-24 0 0 0 0.002499999999979374 1.123572263873878e-12 5.36388792788687e-29 
0.100000000000025 -9.230220754385739e-11 5.55111512312585e-19 1.388366343187634e-14 -3.938087819137564e-14 -1.896918282977263e-25 -1.445602896647187e-23 -7.062269263107929e-23 -3.441733434950112e-24 0 0 0 0.002500000000000873 -2.299886897680988e-12 0 
0.09999999999992963 -6.661338147750967e-14 0 -2.851711228268883e-15 1.403204250470926e-13 -3.732284554709467e-23 -2.938735877055719e-39 -7.835286448925756e-25 -6.84772843354304e-24 0 0 0 0.002499999999997542 2.664426838883138e-15 0 
0.1000000000032223 8.233019301029331e-11 -1.665334540868146e-18 -3.883192272365449e-13 -2.831962100241875e-12 -9.992810330780688e-23 1.807003620809173e-23 1.011089722413225e-22 -1.700139446808147e-24 0 0 0 0.002500000000112783 2.854014496522074e-12 -1.362494820860697e-28 
0.1000000002380958 -3.427416839923985e-08 0 -2.853800690668308e-11 3.381154221018601e-09 8.129220867441436e-23 -4.701977403289157e-38 3.599144246077129e-26 1.268937232108122e-23 0 0 0 0.002500000008333145 -5.975382488072551e-10 -8.673617379884022e-21 
0.0999988149158058 -2.027324854181689e-05 -2.775445022426319e-19 1.393771015305329e-07 2.113893979653429e-06 -1.173446883913871e-24 0 -6.768137483773679e-25 1.707957911892241e-23 0 0 0 0.002499958618393268 -4.063217928093562e-07 2.2555390489196e-25 
0.1001908925675015 0.0005765267680668043 5.55111512312579e-19 -6.437214618739779e-05 -0.0008782264446675072 -5.421010862427529e-22 1.445602896647341e-23 -5.7334426381221e-23 -1.464890792858792e-23 0 0 0 0.002525221888049498 0.0004291205071615973 -8.673617379884046e-21 
0.1030658600823967 0.0006288215577235903 0 -0.007292281142750412 -0.0008910670003799217 0 -1.264902534566421e-22 -1.423250901672753e-21 4.593540568232044e-23 0 0 0 0.01915700072857726 0.0004291804913266824 6.938893903907237e-20 
0.1126792723058374 0.0006345974205758179 -5.244638192680201e-19 -0.1099607568021449 -0.000891088566586568 -4.303485639680166e-20 5.233082485862729e-21 7.308477881045906e-20 1.472361936419364e-21 0 0 0 0.8173473406273705 0.0004291804938466569 2.072714387050212e-20 
0.1077513981197527 0.001818611830029141 -5.55111512312579e-19 -0.3555225992300404 -0.0008911012092504454 0 -2.220446049250314e-20 -6.445514057839288e-19 2.203043712805737e-20 0 0 0 6.346133916068275 0.0004291804939493567 0 
0.08257401759481048 0.002186392138264544 -1.665334536937723e-18 -0.1603285573725232 -0.000890961064556845 0 -2.368475785869548e-19 5.513959364622949e-19 -3.321680816499371e-20 0 0 0 19.95700684995635 0.0004291804597489329 -7.10542735760095e-17 
0.09514334044059899 0.002999312490894703 -1.532629682447962e-18 -0.05047361931419321 -0.0008904133135684187 4.300224525380509e-20 2.960594732334405e-20 -9.893989628605717e-20 -5.244563980921736e-20 0 0 0 23.3566491622667 0.000429180464123211 -2.072714243501717e-20 
0.0988635063522838 0.008387616147655652 0 -0.01317630259815867 -0.0008820604964376686 6.938893903907237e-20 2.960594732333753e-20 -6.788150946903057e-19 -7.528637266369649e-20 0 0 0 24.60461738599649 0.0004291804903466829 0 
0.09977480690765027 0.002245375287027816 2.775557561562925e-19 -0.002664747525203201 -0.0004699226078907889 8.673617379884141e-21 -1.073705943995884e-32 4.604076475698969e-19 -2.811324405885242e-20 0 0 0 24.92123202789678 0.0004291820909996147 0 
0.09996131610306407 0.0005861220937631408 0 -0.0004152763748765783 0.000970460168937762 4.250072516143183e-19 -1.08333559371782e-34 2.150837774208811e-22 3.585311036215284e-20 0 0 0 24.98646008971551 0.0004295386933916945 7.105427357601009e-17 
0.09999672120933296 4.711465262929877e-05 0 -3.225907037509985e-05 0.0004213888749786865 1.023859545323107e-18 2.960594732321064e-20 -2.365794410219727e-19 -2.32310619743691e-19 0 0 0 24.99885244103591 -6.161055672304635e-05 7.105427357600991e-17 
0.1000000599002911 -5.690069815930006e-07 2.220446049250316e-18 7.120416204751715e-07 -7.641807639404748e-06 -1.503524774232564e-18 -2.960594732333733e-20 -7.024352823713557e-19 1.429192408959687e-19 0 0 0 25.00002096441072 -0.0002293065974434692 7.105427357601011e-17 
0.09999999274851314 9.992548017333182e-08 4.770401459911781e-24 -8.56130857452314e-08 1.18537463136708e-06 1.04869886282086e-18 -4.814824860968091e-35 -5.455347331270598e-21 1.166769169363181e-20 0 0 0 24.99999746198014 3.522776947928444e-05 7.105595533528374e-17 
0.1000000005249514 -8.123532489051499e-09 0 6.216916227685916e-09 -1.019890926076262e-07 -6.004808634423977e-19 -1.925929944387236e-34 -7.170340471978806e-22 1.42514483315282e-19 0 0 0 25.000000183733 -2.856692793429218e-06 0 
0.09999999998590911 1.101987034610253e-09 5.322013497182448e-26 -7.846312295599723e-10 9.462178002558638e-09 -6.063630497709928e-19 2.960594732330492e-20 6.962132518971831e-22 3.348035822859479e-19 0 0 0 24.99999999506847 1.524777193395829e-07 7.363865951761058e-24 
