0.0919317872306994 -0.002721028130280555 0 0.08567933880424618 0.4630006438389097 -2.220446049250315e-18 -1.657933050106701e-18 2.463768747605475e-18 -5.090954975695331e-19 0 0 0 222.2819448776984 -8.855378626459082 -1.136868377216162e-15 
0.09005771048421116 -0.007647591481722709 9.178239219191693e-20 0.2554079985008986 0.4692314303652375 -1.044893862643708e-17 7.105427357600566e-18 2.574778124867806e-17 7.539531324781499e-19 0 0 0 216.3059748515985 -24.70355494104113 5.618243640902368e-17 
0.08640791024100072 -0.01290372382764931 0 0.4317989341324728 0.4857293370152395 -1.332267629550189e-17 4.736951571737856e-19 -1.486926645523536e-17 5.955402537718538e-18 0 0 0 204.8218828442005 -39.42265716165973 -1.136868377216162e-15 
0.08130618230674161 -0.01725563738936384 -2.775557561562887e-19 0.6104586774657819 0.5013971602284322 -8.881784197001239e-18 1.522255028043673e-30 4.111808219586763e-19 8.913356145153325e-18 0 0 0 189.1191562410625 -49.45416721938656 5.684341886080793e-16 
0.07528903301522534 -0.01808720389599028 2.775557561562894e-19 0.7797407132092272 0.4481098335370218 -4.440892098500631e-18 -4.736951571736315e-19 -6.537871855383035e-18 7.982244608315358e-18 0 0 0 171.6322326894107 -50.22972073173364 -5.684341886080808e-16 
0.06974475041486511 -0.01493062009042146 0 0.9056609604500573 0.3145985710404504 -1.332267629550204e-17 7.105427357599974e-19 1.033237128158575e-17 8.727236169910227e-18 0 0 0 156.7872005545441 -38.92499349340677 -5.684341886080871e-16 
0.06498937790370832 -0.01267494191877687 -8.326672684688683e-19 0.9949327589762212 0.242759718939523 -4.440892098500631e-18 2.605323364453565e-18 -6.31132749479391e-18 8.561488686851773e-18 0 0 0 144.9966892239928 -31.21040580161753 -5.684341886080808e-16 
0.06198501150917676 -0.004729175218401824 -1.439565650694611e-18 1.062865186799695 0.2097442482514869 3.4395816556272e-17 9.00020798629479e-18 4.259712192473862e-17 9.129335336633247e-18 0 0 0 137.062556043245 -16.92971681169237 -1.46551901402917e-15 
0.06054374091430322 -0.005888531098372894 -2.843848520886139e-19 1.118331948844595 0.07802975468700075 3.768423716282174e-18 1.350031197948047e-17 1.522892501754315e-17 9.461955428697727e-18 0 0 0 131.5701340520821 -17.69275994091562 -2.860323727092191e-16 
0.05849876179157608 -0.001003585049589697 5.072007734559442e-19 1.161875140946164 0.0251562308419738 -3.239943950678203e-18 2.214524859785488e-17 1.991754617124978e-17 8.132526568423591e-18 0 0 0 125.208923649068 -19.23976159374017 2.183700459003878e-16 
0.05734235137797486 -0.0005187738368643306 1.110223024625158e-18 1.177560806917615 -0.05698332076770601 0 2.232288428179402e-17 -4.707483111381993e-17 7.372790512011859e-18 0 0 0 121.9429930510906 -6.864388767227044 0 
0.05898440890683707 -0.0003836618601150688 8.326672684688683e-19 1.212643407093622 0.160704383947189 4.440892098500632e-18 3.683334742534345e-18 -3.633068356885357e-17 7.354544208856014e-18 0 0 0 122.2541230974723 -3.714392275167915 0 
0.06938715412218788 -0.0003830213525355781 1.110223024625158e-18 1.443115730499452 0.3175131477807764 0 -2.004277820099934e-18 9.969226838355936e-18 6.987418353969238e-18 0 0 0 123.0054175637496 8.750075756248734 0 
0.09850428601376839 -0.0003829348396234086 1.110223024625158e-18 2.068580836824352 0.4597943221467635 8.881784197001262e-18 -4.562785334745254e-18 -3.080174882080108e-17 1.386275902386269e-17 0 0 0 127.3509554563378 14.46997878014035 -5.684341886080808e-16 
0.1681025089685103 -0.0003829226995284017 1.665334536937732e-18 3.36832138989953 0.1554892882774608 0 -1.51788484848618e-17 -6.985755012864379e-18 2.049021064614011e-17 0 0 0 139.4856264595541 48.98141184900361 0 
0.2303380143367521 -0.0003828731754034978 1.110223024625158e-18 4.013758186119756 0.1479177524953557 -1.776356839400252e-17 -1.199219398553103e-17 5.236085513317643e-17 1.390204441070415e-17 0 0 0 116.3716040305819 -135.1282369862932 0 
0.2223887241422038 -0.0003830593659912686 0 2.383287516769031 0.1468405408547009 -3.552713678800544e-17 3.142567224964117e-18 -1.651872854402836e-17 6.359399554620592e-18 0 0 0 43.30923081296043 -43.01602483955521 0 
0.1433742877239444 -0.0003831471470468658 5.551115123125789e-19 0.5135776414287732 -0.02282168889473375 -3.552713678800505e-17 -2.949463590029287e-19 3.598184634339193e-18 8.106292225896064e-19 0 0 0 6.177998781563944 -8.391726449551912 -1.776356839400252e-17 
0.1098643711413003 -0.000383770410420944 0 0.0558717701482424 -0.0101498193797111 -5.551115123125789e-19 2.058538524826072e-20 -3.391366393455108e-19 3.253734523968689e-20 0 0 0 0.336363089761733 -0.01422961250086916 0 
0.1009457982696745 -0.0003407434815012516 -3.330669073875445e-18 0.001162945977296909 -4.579400937992718e-05 -4.336808689941985e-21 -1.445602896646967e-22 1.559358412764433e-21 1.881460958471574e-22 0 0 0 0.003992002722439512 -1.361024070560063e-05 -1.734723475976794e-20 
0.1000138398547406 -0.0002389271676210395 -3.608224830031763e-18 2.159363512915881e-06 -3.770270150231912e-05 2.795208725939195e-22 -3.614007241618339e-24 1.212149531017063e-22 4.468547802209172e-24 0 0 0 0.002500627713066982 -1.118968702795269e-05 0 
0.09999998933859143 1.023283329164981e-07 -4.941916300480102e-24 -1.259941511048074e-09 -1.967068435840233e-08 -1.693168674571252e-22 3.614007241611527e-24 -1.212473965594322e-22 6.728050102456765e-24 0 0 0 0.002499999626876559 -7.089612008353733e-09 8.673959770580245e-21 
0.09999999999207997 3.30848196061774e-10 0 -9.520235396317152e-13 -3.512936607403662e-12 9.075179446078273e-23 3.614007241618339e-24 -2.131733318808174e-23 -3.056934697258271e-23 0 0 0 0.002499999999722823 -5.054336398198377e-12 -8.673617379884046e-21 
0.1000000000009189 -4.831920454029314e-11 2.775557538227278e-19 -9.210892789227943e-14 -1.602020535037322e-12 -1.758759821750307e-23 -1.807003620808719e-23 -1.93130744459941e-22 -1.792980729793933e-23 0 0 0 0.002500000000032178 -1.055808272840839e-12 -5.098994545324648e-29 
0.0999999999980075 -4.863920030628867e-10 2.77555756156289e-19 4.192208682038846e-13 3.596158488823363e-12 -2.297189209294511e-23 5.612985525176425e-37 -4.753246772924846e-24 -1.06200440019285e-23 0 0 0 0.002499999999930288 -1.211849902111459e-11 8.673617379884031e-21 
0.09999999999883233 1.018534822455616e-09 -5.551115371901952e-19 -5.120286218155116e-13 2.135649573948922e-12 2.684398930538336e-23 -7.228014483239734e-24 -4.166325912757743e-24 -8.738100288721576e-24 0 0 0 0.002499999999959151 2.49186210402908e-11 -6.086349900584727e-28 
0.1000000000010987 1.474131580692087e-10 -5.55111512312579e-19 2.575148770147691e-13 -1.935963477957669e-12 -6.883647716830615e-23 -5.059610138266897e-23 -1.960264577078449e-22 1.848964188465965e-23 0 0 0 0.002500000000038459 3.154228722830593e-12 -8.673617379884046e-21 
0.1000000000000685 4.420763668328021e-10 1.055227226365886e-26 -1.412100401887902e-13 -2.238635687653856e-13 -9.675005427497738e-23 3.252606517454293e-23 -9.525016083287447e-23 -8.696924809702973e-25 0 0 0 0.002500000000002388 1.069411757499006e-11 2.552663945357531e-28 
0.1000000000014821 8.501433064467234e-11 2.22044604925034e-18 -1.787411422587059e-14 -2.677557803866393e-12 8.320847071031297e-23 2.529805069133926e-23 2.640047294373913e-22 1.47818542862989e-23 0 0 0 0.002500000000051872 2.049266789247431e-12 0 
0.1000000000001537 -3.537261195757396e-10 2.775557474183829e-19 1.670456654945823e-13 -3.063847726682299e-13 1.763966190826826e-23 1.445602896644786e-23 1.295008444348696e-22 -1.385382083584704e-23 0 0 0 0.002500000000005401 -8.634554930862166e-12 8.673617166589264e-21 
0.0999999999992585 -4.615665488705309e-12 0 -6.665080455140843e-14 1.352426988863938e-12 -3.556165800882659e-23 5.877471754111439e-39 2.02723557743268e-25 -9.97897967457507e-24 0 0 0 0.00249999999997406 -1.961321730026286e-14 8.673617379884046e-21 
0.09999999999937823 4.72069432155828e-11 0 5.316298350620496e-14 1.144717939502541e-12 -1.399353023996225e-22 1.084202172485219e-23 -8.14666875894446e-23 -1.797133522570337e-23 0 0 0 0.002499999999978253 1.054939555850115e-12 8.673617379884046e-21 
0.1000000000000794 3.347596505554052e-10 4.440892098500612e-18 -1.317925581168201e-13 -1.414867552072181e-13 4.039904925756324e-23 2.168404344970499e-23 -1.625514455052442e-22 6.070890931681762e-24 0 0 0 0.002500000000002779 8.129683991969784e-12 0 
0.1000000000005813 5.344336084789369e-12 -5.55111512312579e-19 7.546111374656651e-14 -1.072176653726803e-12 -1.702822910675361e-22 1.445602896647338e-23 -5.429849428341189e-23 3.024763262229965e-24 0 0 0 0.002500000000020361 2.383889526752513e-14 0 
0.1000000000005434 1.673756619413601e-11 -5.551115119037654e-19 -7.117553699199648e-14 -1.005203576260205e-12 7.951313709647938e-24 -7.228014483236613e-24 1.110169734337286e-22 6.703319215227981e-24 0 0 0 0.002500000000019028 4.97170392962237e-13 1.214334038342949e-29 
0.1000000000000776 -2.927115147488565e-10 -5.551115121500905e-19 1.234379850649275e-13 -1.530181716982561e-13 -1.052965880884616e-22 1.415662540374667e-35 -5.335520096425128e-23 -1.08528634471249e-24 0 0 0 0.002500000000002736 -7.117541961625831e-12 3.951029482266348e-30 
0.0999999999997669 -2.819263919540125e-11 2.775557554676869e-19 -8.857630092359388e-14 4.174420436651454e-13 1.445336916118347e-22 4.114230227878007e-38 -2.053394233913801e-24 -1.378679639012022e-23 0 0 0 0.00249999999999185 -5.490074540814845e-13 8.67361736647459e-21 
0.09999999999996199 -1.686521582111567e-10 2.775557561562893e-19 6.655419363768714e-14 9.053415905019984e-14 1.928751534184422e-24 0 -1.592507065348181e-26 8.439322765393817e-24 0 0 0 0.00249999999999869 -4.089499463892618e-12 0 
0.09999999999964827 -2.229293138977804e-12 0 -3.121259315822888e-14 6.409856204973046e-13 -1.222329711137304e-23 1.763241526233432e-38 9.451136895471238e-25 -7.655737837211838e-24 0 0 0 0.002499999999987696 -1.011831677472101e-14 8.673617379884046e-21 
0.09999999999984348 2.230867400532242e-11 5.551115123125789e-19 9.259189711252109e-15 2.881270542059432e-13 1.991924448223656e-22 5.289724578700295e-37 -1.386552785225667e-23 -3.607521376795385e-23 0 0 0 0.002499999999994537 5.097024148234538e-13 -8.673617379884045e-21 
0.100000000000175 8.29311012223723e-11 2.220446049250311e-18 -4.652546056750665e-14 -3.12477581634797e-13 3.376603986642183e-22 -2.891205793294199e-23 1.959264160813511e-22 -5.892939928505577e-24 0 0 0 0.002500000000006148 2.039603837385166e-12 0 
0.1000000000000596 -7.108007758771524e-11 2.49800180455827e-18 5.960394539040048e-14 -1.109990687445862e-13 -3.347522573199081e-22 -2.891205793294288e-23 -9.109633699645407e-23 6.432374678248496e-24 0 0 0 0.002500000000002085 -1.769554826020621e-12 8.673617358764584e-21 
0.09999999999992047 5.050309129228656e-11 -2.220446048633544e-18 -4.405046836556379e-14 1.370300362044113e-13 -1.697494537373934e-22 2.529805069133188e-23 -6.805059708809271e-24 -9.497647061726075e-24 0 0 0 0.002499999999997238 1.255924888827336e-12 8.673617395221951e-21 
0.1000000000000666 -2.992467384999036e-11 -1.387778780781447e-18 2.768281599322976e-14 -1.148435646749341e-13 2.198178659875452e-22 -1.084202172485672e-23 -1.01522600557916e-22 1.488564902880711e-22 0 0 0 0.002500000000002327 -7.533280639918105e-13 0 
0.09999999999995066 1.528690368735041e-11 1.66533453703108e-18 -1.469870359686336e-14 8.409289546418402e-14 3.809663883899199e-23 -1.445602896647354e-23 -7.178242353195089e-24 1.370100430072732e-22 0 0 0 0.002499999999998289 3.993943305420632e-13 2.438792299199019e-30 
0.1000000000000308 -4.681368140357909e-12 5.551115123411636e-19 5.718171075530669e-15 -5.407712550695915e-14 -9.822550179855922e-23 1.445602896647232e-23 1.340576002710484e-22 1.431809572620495e-22 0 0 0 0.00250000000000109 -1.253107318431589e-13 8.673617380649208e-21 
0.1000000000000034 -1.907328461836499e-13 0 -2.709715322494563e-15 -9.058708150787377e-15 8.117006765229689e-23 1.410593220986745e-37 -1.340292410939899e-23 1.417415338932922e-22 0 0 0 0.002500000000000148 -8.402566836762657e-16 8.673617379884046e-21 
0.1000000000000034 -7.957393424740113e-12 -5.551115123368732e-19 2.785825968058381e-15 -5.965363905008945e-15 1.392387629819647e-23 1.08420217248562e-23 -1.2144566699858e-22 8.668808297803752e-23 0 0 0 0.002500000000000127 -1.838562939046607e-13 -8.673617380445371e-21 
0.09999999999998425 -1.613119360310833e-12 -3.581844510571382e-30 -6.029628185633334e-16 2.855492674275632e-14 9.118440133232616e-23 -4.114230227878006e-38 -3.683708084832872e-24 1.629492462176724e-23 0 0 0 0.002499999999999444 -4.635235337918652e-14 -1.029228999342691e-31 
0.09999999999999623 7.276297619984718e-13 0 -7.850472586815921e-16 6.464484381092802e-15 -8.205777961758313e-23 -1.445602896647345e-23 1.280897320558057e-23 6.837283811868367e-24 0 0 0 0.002499999999999882 2.278992966564531e-14 8.673617379884039e-21 
0.1000000000000118 -9.818534874028726e-14 0 -9.992930094515616e-16 -2.192234248731366e-14 1.417516482598976e-23 1.763241526233431e-38 7.205420857368202e-25 1.132071255229357e-23 0 0 0 0.002500000000000432 -3.117081245895825e-16 -8.673617379884039e-21 
0.09999999999999447 -6.017755738163547e-12 -2.775557561562892e-19 2.984683333817601e-15 9.456110976633829e-15 2.626088852401955e-23 -8.816207631167158e-39 -2.512550438147693e-24 -3.440918573867305e-24 0 0 0 0.002499999999999817 -1.374849669874557e-13 -8.673617379884037e-21 
0.09999999999998885 2.516476610425757e-12 -2.220446049242631e-18 -2.381185757830759e-15 1.83945218293464e-14 -1.253801453434351e-22 4.698209414103823e-23 5.144025898505965e-24 1.362827771086474e-22 0 0 0 0.002499999999999628 6.8338618184477e-14 2.08645545293553e-31 
0.1000000000000241 -1.367829460807711e-13 0 -1.595010928889805e-15 -4.406522697741566e-14 1.626067207816479e-23 3.291384182302404e-37 -2.509191384030721e-24 1.393446774893639e-22 0 0 0 0.002500000000000864 -5.692061405548892e-16 8.673617379884037e-21 
0.09999999999999985 -1.055414436401666e-11 0 4.339420489607442e-15 1.744036448252153e-15 2.346339282657619e-25 -9.403954806578302e-38 5.15063405279302e-25 1.206107217661137e-22 0 0 0 0.00250000000000001 -2.523724501948813e-13 0 
0.0999999999999226 3.370567713822946e-13 2.77555756156289e-19 4.321369882302288e-15 1.447457596202415e-13 -1.926651984040618e-23 9.403954806578302e-38 1.238322099319195e-23 1.168895365491164e-22 0 0 0 0.002499999999997306 1.913616834436921e-15 8.673617379884033e-21 
0.09999999999984271 3.215418382940262e-11 -1.110223024625156e-18 4.747781103454598e-15 2.772019351570033e-13 6.887171375478497e-23 3.61400724161828e-23 1.225957367815882e-22 1.84238510427278e-23 0 0 0 0.002499999999994493 7.633189870112637e-13 0 
0.1000000000002344 8.275984064720659e-11 0 -4.887820009848648e-14 -4.155714161500618e-13 8.478991569179119e-23 -1.084202172484651e-23 2.214017181018771e-22 1.153069597572893e-23 0 0 0 0.002500000000008229 2.038975000125127e-12 -8.67361737988404e-21 
0.09999999999996037 -9.141129693468518e-11 -1.116356192245078e-27 7.972686076144231e-14 6.664764287301985e-14 -8.782416472502393e-23 -2.120481606288017e-37 5.768406022164615e-24 -5.426421739180154e-26 0 0 0 0.002499999999998629 -2.282291651674328e-12 -2.787238014658476e-29 
0.09999999999986074 1.022453822996371e-10 0 -6.849394269350509e-14 2.352509936310856e-13 -1.750506064999681e-23 -7.228014483233311e-24 2.491035867764283e-23 -6.490914601990948e-24 0 0 0 0.002499999999995145 2.539857430275402e-12 8.67361737988404e-21 
0.1000000000004102 -2.137786475620017e-11 -2.775557561562894e-19 6.690309417586739e-15 -7.360067231117482e-13 -1.612737389649741e-24 -1.08420217248545e-23 -1.118943647532896e-22 1.571032635976453e-23 0 0 0 0.002500000000014376 -5.067777794631742e-13 0 
0.1000000000000356 -1.156534069901571e-10 2.775557575687007e-19 3.545630756589307e-14 -9.026406320568839e-14 -4.937478995500971e-23 -2.168404344970965e-23 -4.373179737956926e-23 -2.102754723831771e-23 0 0 0 0.002500000000001276 -2.805739039539456e-12 -8.673617345619071e-21 
0.1000000000002159 -4.715641939434543e-11 1.125614065265377e-27 -5.571198548788155e-14 -3.874057615486807e-13 -1.28863115631586e-22 3.614007241617851e-24 2.766501773133621e-23 -7.705511820433498e-24 0 0 0 0.002500000000007555 -1.034925183746043e-12 2.470345200682449e-29 
0.09999999999992359 -2.306802752288795e-10 5.506290887048342e-27 8.850659765263818e-14 1.493014549431504e-13 1.598270452803597e-22 -5.730534960258646e-38 5.264318834999508e-25 -3.086938436088544e-24 0 0 0 0.002499999999997327 -5.616333949558961e-12 1.340607401928621e-28 
0.09999999999949187 -2.741123300564763e-12 2.775557561562895e-19 -4.013165540624657e-14 9.414379418707477e-13 7.88131644334903e-23 -8.816207631167158e-39 -3.067731071446964e-25 -1.028536577778807e-23 0 0 0 0.002499999999982238 -1.177985660405505e-14 0 
0.09999999999937748 4.726440593072453e-11 7.216449660063525e-18 5.305098698303812e-14 1.137156233222178e-12 3.182515459128612e-22 -5.782411586589385e-23 1.036811314211624e-22 -1.359217853165603e-23 0 0 0 0.002499999999978222 1.055641576756799e-12 8.673617379884046e-21 
0.1000000000000785 3.347540994402829e-10 2.220446049250312e-18 -1.317744716585631e-13 -1.428127617010703e-13 -3.134238105740393e-22 5.782411586590842e-23 -1.46438273082931e-22 -2.187244493328077e-24 0 0 0 0.002500000000002778 8.129708386518686e-12 0 
0.1000000000006202 4.976834916403682e-12 5.55111512312579e-19 7.106509177419902e-14 -1.14995549064063e-12 -1.736265165498865e-22 -1.445602896647338e-23 5.54463187527895e-23 -9.947820973556623e-24 0 0 0 0.002500000000021723 2.175722709635295e-14 -8.673617379884046e-21 
0.1000000000007383 -5.961203752846725e-12 5.55111512312579e-19 -8.433670266779386e-14 -1.35567888530094e-12 -2.067709193312488e-25 3.526483052466863e-38 3.966051544889333e-24 6.046034660500074e-24 0 0 0 0.002500000000025856 -2.662529485081289e-14 8.673617379884046e-21 
0.1000000000000419 -3.968066326909252e-10 9.581828953639345e-27 1.623625722295052e-13 -3.905627129892274e-14 1.735618067911739e-22 7.228014483219069e-24 3.950501746859378e-23 9.695388581033782e-25 0 0 0 0.002500000000001474 -9.652348365030106e-12 8.67361761296265e-21 
0.09999999999832414 -1.907324125027793e-11 4.605682470887883e-28 3.082487691019926e-14 3.018659481390408e-12 1.252395399560677e-22 2.057115113939003e-38 -2.24586582297792e-24 -3.350615768239173e-24 0 0 0 0.002499999999941339 -4.967461988622479e-13 1.199510471533885e-29 
0.09999999999996252 5.010197985655398e-10 0 -2.150684949575379e-13 8.612206131032588e-14 -1.046973376229262e-22 4.698209414099052e-23 -1.361281069468636e-22 2.155360594994658e-23 0 0 0 0.00249999999999871 1.218586050209111e-11 8.673617379884031e-21 
0.1000000000011667 5.566987842930994e-12 0 8.001660445344766e-14 -2.13466243233304e-12 1.744298941365943e-24 1.763241526233432e-38 -2.705891143501966e-24 1.762405097570892e-23 0 0 0 0.00250000000004084 2.35190556266419e-14 0 
0.1000000000008949 -1.323427478716603e-10 0 -4.947722139388655e-14 -1.648516215943184e-12 1.18203445123619e-22 -1.445602896647756e-23 9.824580608624846e-23 2.17380103873286e-23 0 0 0 0.00250000000003133 -3.084934651481613e-12 0 
0.09999999999976616 -4.826505081018095e-10 2.775557446355196e-19 1.761612816267123e-13 4.271068700253655e-13 -1.199212331923253e-22 -3.115060029679059e-37 1.411795636466075e-24 1.792590913768214e-23 0 0 0 0.002499999999991813 -1.171632777775816e-11 8.673617100217666e-21 
0.09999999999894553 -6.123053453155361e-12 0 -8.403448839566777e-14 1.910510021869417e-12 -9.186560093059847e-23 -2.644862289350147e-38 -4.830667622236217e-25 -3.726691772482912e-24 0 0 0 0.002499999999963101 -2.834375529420242e-14 8.673617379884046e-21 
0.09999999999992303 8.404383959603781e-11 8.071090601477237e-27 -2.586780558273582e-14 1.627177220479408e-13 4.964875592500568e-23 -3.614007241619313e-24 -2.666807278794281e-23 -4.143435392446856e-24 0 0 0 0.002499999999997325 2.042273685234917e-12 1.961283066762803e-28 
0.1000000000003844 4.0709406332051e-11 5.551115142560293e-19 -2.550866531893535e-14 -7.750371475408681e-13 -4.784648401704393e-23 -3.614007241617222e-24 4.110000420048453e-23 -1.74491171125712e-23 0 0 0 0.002500000000013455 1.012593329498263e-12 -8.673617331543256e-21 
0.1000000000021884 -1.422112861498867e-10 -6.789108502541926e-27 -1.774728433654e-13 -3.944417296952564e-12 6.565575416462602e-23 -3.614007241620249e-24 4.325814754975007e-23 -1.496594706818499e-23 0 0 0 0.002500000000076608 -3.142844600019556e-12 -1.500381128237039e-28 
0.09999999999968368 -1.129853806000598e-09 -2.775557019039321e-19 4.587256033358084e-13 5.573817799111206e-13 -7.63529150302336e-23 -5.701147601488085e-37 1.569886086179871e-24 -1.433460845943123e-23 0 0 0 0.002499999999988955 -2.750841682263059e-11 1.320875661713088e-27 
0.09999999999803234 2.326233823624056e-11 1.110534491209176e-27 -2.730503910937043e-13 3.509139209487132e-12 6.530001414277351e-23 -3.6140072416175e-24 3.711059516211626e-23 3.747025789892374e-24 0 0 0 0.002499999999931136 9.432911266329896e-13 4.503233169163967e-29 
0.1000000000137406 2.170182436533835e-12 0 -1.571609370883538e-12 -1.745829711077091e-11 2.553502188865966e-22 -1.084202172484672e-23 -1.346451610190737e-22 2.997609376057258e-23 0 0 0 0.002500000000480927 4.989629857291589e-12 8.673617379884141e-21 
0.1000000020377887 -7.430338835531822e-08 0 -2.420245333374648e-10 6.420612884750147e-09 -3.469278207108657e-22 0 1.505483694992666e-23 -1.057686594919046e-23 0 0 0 0.002500000071321268 -8.167804187988701e-10 0 
0.09999784547509753 -3.707520240610482e-05 -3.051343362754967e-18 2.531043801388407e-07 3.917234642784294e-06 -4.898214546543851e-22 3.975407965780681e-23 2.203845055569907e-22 -4.861989187463274e-24 0 0 0 0.002499924781916071 -7.912755230679384e-07 3.777516909489064e-23 
0.1002653786031001 0.0006301330168270127 -2.22044604925031e-18 -7.735947605899958e-05 -0.00089674410138713 -5.421010862427514e-22 1.44560289664628e-23 -1.542761354078463e-22 1.439239637919594e-23 0 0 0 0.002527977300404161 0.0004711231429126971 0 
0.1044416191483248 0.0007156204270826761 -2.775954810700414e-18 -0.007240818431025851 -0.0009368111942807679 6.990897371788092e-20 -2.096124200138791e-22 -3.743952406434049e-21 1.131567183476161e-22 0 0 0 0.01472279796173657 0.0004716355713724216 1.385160677428598e-19 
0.1226767136258864 0.0007203248516679385 -2.220446049250316e-18 -0.1041179833507388 -0.0009368938621824451 -5.55111512312579e-19 5.749885521414791e-21 9.029700682220208e-20 2.009375683249564e-21 0 0 0 0.4859011058710156 0.000471635610025877 0 
0.1438458577083198 0.0007300769903549813 -2.220446049250316e-18 -0.4040520263772199 -0.0009369065111494751 0 -2.968906948989472e-20 -2.502030939688319e-19 2.348488074923769e-21 0 0 0 3.492423305192981 0.0004716356107797878 0 
0.1270763825632963 0.0006121435820168975 -1.08065973301293e-18 -0.6146573878856244 -0.0009371129654513842 2.175188458245344e-18 1.042279688482293e-19 -2.512932369192382e-19 1.814028585515205e-20 0 0 0 8.890388933468506 0.0004716356103578986 -3.550435928695247e-17 
0.08377362622307158 0.0005857621737506292 -1.387778780781447e-18 -0.493769753331454 -0.0009328200919991908 -2.220446049250316e-18 -1.184237892933499e-19 1.769981212437061e-19 3.167058584159158e-20 0 0 0 12.41820779321826 0.0004716356763800908 0 
0.0653038306767167 0.001081253591787732 -2.775557561562871e-19 -0.2991331269785146 -0.0009196384555887475 -4.440892098500594e-18 -1.924386576017228e-19 -8.374993121968728e-19 -2.655346798150405e-20 0 0 0 15.10512277883382 0.0004716357263956342 -7.10542735760095e-17 
0.07766014516115764 0.001613564480840821 -3.554823712243761e-19 -0.2077131619385838 -0.0009076296078953196 -3.286835372824989e-18 -5.921189464664636e-20 8.960169679930603e-19 -1.081971622141813e-19 0 0 0 17.99702249136763 0.0004716357319023398 -7.107705108293265e-17 
0.08711051835287845 0.004088233533627011 -2.775557561562895e-19 -0.13263470932104 -0.0009050578895893963 -5.55111512312579e-19 -8.881784197001243e-20 -4.199924797923534e-19 -2.593774595558559e-20 0 0 0 20.76767474221975 0.0004716357353773423 0 
0.09322560360743183 0.009713854598629394 -2.22044604925034e-18 -0.07441637506837151 -0.000901982938113786 -1.942890293094048e-18 -8.881784197002384e-20 -1.323451443332872e-18 1.812088829781872e-19 0 0 0 22.70560436178571 0.0004716357388412253 -7.105427357601088e-17 
0.09677949905920193 0.009627504191119796 -1.387778780781447e-18 -0.03679646261562471 -0.000893225927647649 -2.498001805406605e-18 5.921189464668006e-20 -5.648598519504703e-19 -1.340812450735923e-19 0 0 0 23.88847996431208 0.0004716357709044882 7.105427357601009e-17 
0.09862344281858589 0.006254573827775391 0 -0.01606818086466352 -0.000845857551934284 -2.498001805406598e-18 5.921189464604463e-20 -5.976068491345607e-19 -9.606647793203929e-20 0 0 0 24.52004076746957 0.0004716360132217552 -7.105427357600991e-17 
0.09947242306254683 0.003072731613383921 0 -0.006224747703485964 -0.0004916047218346866 -2.393918396847997e-18 5.625129991434119e-19 9.022969443313371e-19 -4.647935206005687e-21 0 0 0 24.81545353885067 0.0004716378029234766 0 
0.09981698190115677 0.002003429942313932 9.564292415775631e-20 -0.002138395252337041 0.0001948302655781186 -1.985630880363568e-18 1.184237892933276e-19 -6.524492263742897e-19 3.930274345780819e-20 0 0 0 24.93589282470534 0.0004716626911593888 7.107679055953212e-17 
0.09994248410202981 0.0008000842481606252 0 -0.0006086966940500797 0.0007007253519929217 -1.810617628050794e-18 5.921189464666215e-20 -2.091884154754876e-19 2.378279580482393e-19 0 0 0 24.97986085971647 0.0004722136991208643 7.105427357601009e-17 
0.09998764585960382 0.0001502322532216333 7.255421835706459e-21 -0.0001048757553978795 0.001058927846836702 3.451626809992989e-19 5.921189464848589e-20 2.204095610681303e-18 1.374097622939479e-18 0 0 0 24.99567583287089 0.0005191379536695718 -7.102920196345921e-17 
