0.08601951825140979 -0.002698577116268698 2.775557561562894e-19 0.110012910142976 0.6048186014365802 4.440892098500631e-18 -1.65793305010665e-18 2.310095290539829e-18 -8.034168124217545e-19 0 0 0 202.5775228876765 -8.128839735848139 0 
0.08422071760788326 -0.007507832475392225 8.503277268929955e-20 0.3248093732423962 0.5876270001065623 -1.394637128519558e-17 6.868579779013156e-18 2.478412423188131e-17 1.081544721518393e-18 0 0 0 197.2583538538188 -22.56692932989358 5.214289287573631e-16 
0.08073984426050192 -0.0125371042220168 0 0.5338933278255372 0.5537759657440879 -2.220446049250315e-17 4.736951571742324e-19 -2.95283069586723e-17 7.532268736601619e-18 0 0 0 187.0490588931986 -35.85829639354399 0 
0.07607852304399945 -0.01500516120499266 2.775557561562887e-19 0.7197597142611429 0.4803659345611846 -1.110223024625155e-17 6.871718041573667e-31 8.577068723170722e-18 1.059315117687902e-17 0 0 0 173.6751926891608 -41.4095412332126 0 
0.07127139974523354 -0.01384329830799713 2.775557561562894e-19 0.8635486494114147 0.3532911792950073 -1.776356839400252e-17 -3.081487911019578e-31 -1.617025768692127e-18 9.429333409081144e-18 0 0 0 160.5165585207998 -37.03445083362553 0 
0.06694251819392665 -0.01283786589116848 0 0.9651516015211806 0.2470676677722654 -1.776356839400272e-17 -2.368475785869175e-19 8.190625638231461e-18 9.256769479000495e-18 0 0 0 149.2595812870038 -31.85222039676883 0 
0.06314158857871895 -0.01007956393022488 -8.326672684688683e-19 1.032646410467953 0.1597435761111956 -4.440892098500631e-18 9.947598300641344e-18 1.851478263150441e-17 8.999974044989727e-18 0 0 0 140.0885867158296 -23.76614078643353 -2.273736754432323e-15 
0.06045753023205812 -0.006373865728296883 -2.508257753533297e-19 1.074472105738686 0.130922204840557 2.631611808308125e-18 1.361873576873564e-17 2.808251760903987e-17 8.99720111161741e-18 0 0 0 133.68273290497 -17.20801460861518 -3.725969945722108e-15 
0.05875481968228578 -0.001323499416741187 2.136377467951222e-19 1.126763862877882 0.1891848172516606 2.548400939686299e-19 1.373715955806652e-17 -1.153120863209076e-17 9.491050452856143e-18 0 0 0 128.5651237646104 -10.09609823180423 6.492803260777079e-16 
0.057677980615742 -0.0004572712799485295 -2.182994345044297e-20 1.165593328287462 0.09147613365720191 1.768970941646819e-17 1.527666881884099e-17 2.557849587995813e-17 8.588700030722681e-18 0 0 0 124.2582709557354 0.1300709630965198 5.746437230648726e-16 
0.05742354887630267 0.001089074900337776 -2.775557561562894e-19 1.187717427403541 0.05140173810379906 1.332267629550189e-17 2.386239354260731e-17 -5.994026542362605e-18 7.358184335180971e-18 0 0 0 122.7431793648577 0.2073366372182552 0 
0.0580463331570828 0.003178485524362668 2.775557561562895e-19 1.201715475969547 0.1095768395450493 3.108624468950442e-17 1.505201851469596e-17 -4.875978863826462e-17 7.391296745158161e-18 0 0 0 122.0234174432423 0.3595035613249934 0 
0.06373017878661942 0.01087807359410354 1.110223024625158e-18 1.328906562190507 0.3186180343762911 2.220446049250315e-17 -5.831923485796931e-19 -1.85726099982612e-17 6.862515667207558e-18 0 0 0 121.580421321952 1.167492513647588 0 
0.08257703585875725 0.03784263138675372 1.110223024625158e-18 1.732614987594237 0.963523156955811 4.440892098500631e-17 -1.010071655945064e-18 -2.07676574229276e-18 1.040263282046844e-17 0 0 0 124.347222676166 2.550879139328643 5.684341886080808e-16 
0.1328471672292236 0.1096628501410864 2.220446049250309e-18 2.678976120845356 2.306475950702194 8.881784197001237e-18 -9.257659020189284e-18 -3.666104288697541e-17 1.582334082305469e-17 0 0 0 134.6221496715713 7.44490888744159 5.684341886080792e-16 
0.2007331458137037 -0.005802488396169863 4.440892098500631e-18 3.873164936612706 2.169702939718355 0 -1.945289271101287e-17 1.968979164409929e-17 1.572560976014633e-17 0 0 0 138.2883124873073 -20.63692163762836 0 
0.2512132568660255 -0.01014565245172658 4.44089209850068e-18 3.969742189844665 -3.064253182640158 0 -4.495767184457133e-18 4.814704490219115e-17 1.273772704509634e-17 0 0 0 101.3968932776064 -38.54416371772074 -2.842170943040435e-16 
0.2063472800738584 -0.01077470156189455 4.440892098500631e-18 1.921947482491283 -6.291675338788626 8.881784197001262e-18 1.185351007163907e-18 -1.360042978677789e-17 4.396592022645201e-18 0 0 0 33.86542747995158 -94.35479358940724 7.105427357601009e-17 
0.1355296355521661 -0.01380142187806857 3.330669073875473e-18 0.3741263347429077 -0.2158722550888362 0 -4.371503159461516e-20 1.573045417709463e-18 4.889861408241403e-19 0 0 0 4.121123253564277 -0.8363066696606145 0 
0.1058271028135293 -0.007432735416466766 -5.551115123125741e-19 0.0237854398488696 -0.003718568206705233 0 6.54135310733847e-22 -1.086931417636719e-20 1.145555496600372e-20 0 0 0 0.1056262362191658 -0.003300818098822096 0 
0.1004217201010384 -0.0001232017006132935 0 0.0003142922968979525 -0.000131665747774981 -1.084202172485506e-21 1.084202172485503e-23 -8.089678715892877e-23 3.792284808015343e-23 0 0 0 0.002744344280788651 -0.0001793964568613508 8.673617379884046e-21 
0.09999915238163987 1.418309753262521e-05 -6.849684626932775e-22 -9.928460477404159e-08 1.351426410774783e-06 -1.741898782647813e-22 3.614007241609622e-24 -1.197893335163511e-22 1.117903295634974e-23 0 0 0 0.002499970439684079 2.041596959930414e-07 -8.683477211474896e-21 
0.1000000022727783 1.871154255844728e-08 0 2.693379958273546e-10 9.958032777862783e-10 8.845559277912381e-23 1.175494350822288e-38 1.064598594893563e-22 -2.626132171186285e-23 0 0 0 0.002500000079547188 -3.022517701617793e-10 8.673617379884046e-21 
0.1000000000066168 -5.677498401968151e-11 -5.551115150545097e-19 5.601068844840917e-13 -6.475532430350709e-12 1.772625013762848e-24 -1.807003620808591e-23 -2.481648622572976e-22 -1.219334873856878e-23 0 0 0 0.002500000000231604 -3.953119027868461e-12 -1.909147037263173e-28 
0.09999999999777937 -4.758544253080656e-10 2.77555756156289e-19 4.654648402812124e-13 3.942540279375362e-12 5.074755077496739e-23 9.168855936413846e-37 -6.138974460275258e-24 -1.753054214108314e-23 0 0 0 0.002499999999922306 -1.185810889585418e-11 8.673617379884031e-21 
0.0999999999986976 1.000112059140742e-09 -2.442764357579317e-26 -5.681800992644527e-13 2.348451061273524e-12 2.639182771708048e-23 -3.614007241624102e-24 -1.94852410659941e-23 -2.271810556966626e-24 0 0 0 0.002499999999954439 2.439378180788674e-11 -5.958158408575578e-28 
0.1000000000012259 1.478451909509007e-10 0 2.859218968067462e-13 -2.119803744662579e-12 -6.840917885763404e-23 -5.059610138267203e-23 -1.945209490850381e-22 2.28707859083491e-23 0 0 0 0.002500000000042912 3.105306810302616e-12 8.673617379884046e-21 
0.1000000000000758 4.349151681154483e-10 5.551115226939126e-19 -1.56709765303302e-13 -2.580031757134794e-13 -7.710099305692559e-23 3.252606517453769e-23 -9.438643096540763e-23 1.630224841801103e-24 0 0 0 0.002500000000002645 1.047400827094291e-11 8.673617629896441e-21 
0.1000000000016532 8.372655867228096e-11 2.22044604925034e-18 -1.984751668586146e-14 -2.940192746988342e-12 1.740633133769481e-22 3.614007241619613e-23 1.467597096204172e-22 1.973106224798872e-23 0 0 0 0.00250000000005786 2.007630715318557e-12 8.673617379884141e-21 
0.1000000000001713 -3.473554777144754e-10 2.775557475757534e-19 1.852944533920648e-13 -3.3980679479952e-13 -3.772536696794123e-23 1.445602896644202e-23 1.289721858510392e-22 -1.716380560634366e-23 0 0 0 0.002500000000006019 -8.452366953050416e-12 -2.08794275985826e-28 
0.09999999999917282 -5.137296837931536e-12 2.775557561562895e-19 -7.403016278699032e-14 1.486698700581359e-12 -1.461817923382336e-22 5.877471754111439e-39 4.626243886587472e-25 -1.927644906706613e-23 0 0 0 0.002499999999971063 -2.235353829121998e-14 0 
0.09999999999930652 4.704309858327679e-11 0 5.905415832270453e-14 1.259654048748963e-12 -3.726250447204905e-23 1.084202172485177e-23 -8.112579124461629e-23 -2.122789859170832e-23 0 0 0 0.002499999999975743 1.036472882347256e-12 -8.673617379884046e-21 
0.1000000000000887 3.290371447528529e-10 4.996003610813189e-18 -1.462131193897029e-13 -1.55113940125047e-13 1.455961066612284e-24 1.084202172484557e-23 -1.332713499173767e-22 8.241110045567587e-24 0 0 0 0.002500000000003101 7.960209639883144e-12 -8.673617379884009e-21 
0.1000000000006483 5.962765003975104e-12 0 8.378775867567952e-14 -1.17986294571613e-12 -1.497970047943906e-22 1.445602896647338e-23 -5.330191276888395e-23 1.343195417291167e-23 0 0 0 0.002500000000022709 2.730292120861633e-14 8.673617379884046e-21 
0.100000000000606 1.586959730293102e-11 -5.551115119249654e-19 -7.902998880317264e-14 -1.106535555766857e-12 6.456337777695847e-24 -2.529805069132789e-23 1.807936321199817e-22 9.495712565442917e-24 0 0 0 0.002500000000021221 4.836056685317277e-13 8.673617391696068e-21 
0.1000000000000865 -2.876507192162155e-10 5.551115124722562e-19 1.369667768092181e-13 -1.694652045615531e-13 -1.033193139001937e-22 1.609251766275712e-35 -5.183070565686569e-23 -6.845616418422223e-24 0 0 0 0.002500000000003048 -6.968952053886693e-12 3.868545513866889e-30 
0.09999999999973995 -2.866205536800057e-11 -7.000680236579774e-28 -9.832904051173744e-14 4.580118728791582e-13 1.423938802605219e-22 3.526483052466863e-38 -2.318056357915897e-24 -2.168138717696799e-23 0 0 0 0.002499999999990909 -5.430524736491078e-13 8.67361736662004e-21 
0.09999999999995771 -1.658030483742124e-10 0 7.386498843130601e-14 1.021696928233884e-13 2.627522504545278e-24 -2.350988701644576e-38 -2.291452219554506e-26 1.051435646943923e-23 0 0 0 0.002499999999998544 -4.00464167035761e-12 -8.67361737988404e-21 
0.09999999999960768 -2.491062911502705e-12 2.775557561562895e-19 -3.464801269966358e-14 7.045286517428604e-13 -1.114412882970796e-23 3.232609464761291e-38 8.619612354234158e-25 -6.55554109338608e-24 0 0 0 0.002499999999986275 -1.163891032163194e-14 8.673617379884046e-21 
0.0999999999998254 2.206993268694112e-11 0 1.03051564966597e-14 3.17107159921945e-13 1.344792794870354e-22 4.81952683837138e-37 -1.265716108180223e-23 -3.111600131255446e-23 0 0 0 0.002499999999993906 4.997521493854681e-13 8.673617379884045e-21 
0.1000000000001953 8.138737080110054e-11 1.665334536937733e-18 -5.162823340141567e-14 -3.425222539514034e-13 4.065864694792118e-22 -5.421010862426835e-23 1.493143327407487e-22 -1.983417223419428e-24 0 0 0 0.002500000000006861 1.996371275757307e-12 8.673617379884027e-21 
0.1000000000000663 -6.956527368040539e-11 2.498001804576349e-18 6.614664163629406e-14 -1.222953829251049e-13 -3.843127565928103e-22 1.084202172486064e-23 -2.035229182705798e-22 4.580084681309931e-24 0 0 0 0.002500000000002325 -1.730932834131256e-12 8.673617359225535e-21 
0.09999999999991127 4.94233994008386e-11 -1.665334536334152e-18 -4.88958632841917e-14 1.498057709643142e-13 2.353635722161135e-23 4.698209414104196e-23 6.368069489690961e-23 -8.512327056482289e-24 0 0 0 0.002499999999996917 1.228559625993802e-12 8.673617394887754e-21 
0.1000000000000743 -2.927397907415146e-11 -2.220446049250315e-18 3.072846838092748e-14 -1.254581558800485e-13 1.072190255386852e-22 -3.614007241618477e-23 -2.819898229661036e-23 1.565843114961459e-22 0 0 0 0.002500000000002597 -7.368671645080493e-13 -8.673617379884042e-21 
0.09999999999994495 1.494936986701222e-11 2.220446049341598e-18 -1.631630386356071e-14 9.18462459857535e-14 1.073118169035883e-23 -1.084202172485516e-23 -6.434877286601842e-23 1.532638502211055e-22 0 0 0 0.002499999999998091 3.906637925481236e-13 -8.673617377498555e-21 
0.1000000000000343 -4.571863720936873e-12 2.775557561842059e-19 6.349220454948862e-15 -5.91488666915389e-14 1.368394294904477e-23 1.445602896647218e-23 1.322416604674096e-22 1.604996505526955e-22 0 0 0 0.002500000000001216 -1.225324637761648e-13 7.482109940159035e-31 
0.1000000000000039 -2.12937306676153e-13 2.775557561562895e-19 -3.008874862227738e-15 -1.010671245307064e-14 8.031657862321805e-23 -4.701977403289149e-38 -1.313506731745662e-23 1.645617256017256e-22 0 0 0 0.002500000000000165 -9.568084172184575e-16 0 
0.1000000000000038 -7.824687078827887e-12 -2.775557561801789e-19 3.090923119305136e-15 -6.493043086966577e-15 3.290627176554796e-23 1.445602896647472e-23 -1.058644814736818e-22 9.985143973546755e-23 0 0 0 0.002500000000000141 -1.800399022575117e-13 -5.496822233032685e-31 
0.09999999999998238 -1.598937995894722e-12 -3.550355555980651e-30 -6.696247722981754e-16 3.134373742730928e-14 8.084829800875167e-23 -3.526483052466863e-38 -4.179275693901863e-24 1.669525654467589e-23 0 0 0 0.002499999999999381 -4.546059709231719e-14 -1.00942803210196e-31 
0.0999999999999959 7.10412631499402e-13 5.551115123125785e-19 -8.699952795213944e-16 7.112695255229474e-15 -6.225575384162752e-23 -1.80700362080918e-23 1.265091364476072e-23 5.202814604077694e-24 0 0 0 0.002499999999999868 2.227493363371469e-14 -8.673617379884039e-21 
0.1000000000000132 -1.094610513341365e-13 -5.551115123125785e-19 -1.109204163703598e-15 -2.402069205328861e-14 -4.630140118218118e-24 3.526483052466862e-38 7.682395532301065e-25 1.81001788113289e-23 0 0 0 0.002500000000000484 -3.577867169202164e-16 0 
0.0999999999999938 -5.910983508217175e-12 0 3.311822575439495e-15 1.037024145723423e-14 3.434424740710228e-23 -7.346839692639298e-39 -2.470704631208291e-24 -2.519985008601018e-24 0 0 0 0.002499999999999797 -1.345711736489009e-13 8.673617379884037e-21 
0.09999999999998754 2.455717920679669e-12 -1.665334536930238e-18 -2.641442851484602e-15 2.009746482852642e-14 -1.696644633533048e-22 5.05961013826567e-23 4.846485659580738e-23 1.522476300258041e-22 0 0 0 0.002499999999999586 6.681802463756608e-14 2.040030008846414e-31 
0.1000000000000269 -1.531760829287519e-13 0 -1.770429867523995e-15 -4.831646585906493e-14 3.368701668449622e-23 4.231779662960234e-37 -2.468600385952324e-24 1.519711290032946e-22 0 0 0 0.002500000000000964 -6.532318089225157e-16 8.673617379884037e-21 
0.09999999999999985 -1.036800853504435e-11 0 4.810316496980004e-15 2.171154707615163e-15 1.338783099770909e-25 0 5.650899254156073e-25 1.368425609205526e-22 0 0 0 0.002500000000000011 -2.470517280334087e-13 -8.673617379884046e-21 
0.0999999999999137 3.813789561935022e-13 0 4.790192548176363e-15 1.596293258583844e-13 -4.643536456291825e-23 1.88079096131566e-37 1.331348579717561e-23 1.27904324052884e-22 0 0 0 0.002499999999996996 2.228035464457718e-15 8.673617379884033e-21 
0.09999999999982447 3.175801635557641e-11 -3.330669073875468e-18 5.285049481390904e-15 3.035224929668717e-13 2.299758081189822e-23 2.891205793294689e-23 2.367992868433965e-22 1.320330566208351e-23 0 0 0 0.002499999999993857 7.483000764169083e-13 0 
0.1000000000002616 8.119958698482615e-11 5.551115123125786e-19 -5.424679039303214e-14 -4.552233761889762e-13 2.306278936698836e-22 -1.084202172484517e-23 4.779136334167024e-23 5.709291718761245e-24 0 0 0 0.002500000000009181 1.995690938894074e-12 8.67361737988404e-21 
0.09999999999995572 -8.943605404876417e-11 2.775557550640552e-19 8.847855804497918e-14 7.269353881083418e-14 -1.59941414359855e-22 -2.938735877055718e-37 6.512308769832879e-24 -3.446741896404341e-24 0 0 0 0.002499999999998469 -2.232308576270031e-12 -2.726196417387507e-29 
0.09999999999984453 1.002200926414341e-10 -5.551115123125786e-19 -7.600402182615361e-14 2.564404201936241e-13 -1.787204518021061e-23 -2.16840434497063e-23 8.177051878983599e-23 5.290390940714783e-25 0 0 0 0.002499999999994581 2.485327482010243e-12 8.67361737988404e-21 
0.1000000000004577 -2.105017549158815e-11 -5.551115123125789e-19 7.437172637006538e-15 -8.07419841147131e-13 -1.962651096092305e-24 -1.084202172485421e-23 -1.107720726440923e-22 1.312084098673165e-23 0 0 0 0.002500000000016038 -4.965320689331862e-13 -8.673617379884045e-21 
0.1000000000000395 -1.13791181338696e-10 -5.551115109229083e-19 3.934518752469295e-14 -1.020617976230135e-13 -4.954485067782955e-23 -2.168404344970887e-23 -5.778951855390383e-23 -2.136726815691716e-23 0 0 0 0.002500000000001419 -2.747999852843741e-12 -8.673617346324208e-21 
0.1000000000002407 -4.705762689238855e-11 1.12325590849322e-27 -6.185050712332535e-14 -4.25057595987202e-13 -1.268526846667512e-22 3.614007241617492e-24 8.435904790714971e-23 -1.348383565509298e-23 0 0 0 0.002500000000008429 -1.017510186350494e-12 2.42877595885545e-29 
0.09999999999991488 -2.267679100054221e-10 2.775557615691919e-19 9.819674517961236e-14 1.653064555863387e-13 1.579872526404411e-22 -7.787650074197647e-38 1.099469446625243e-24 -4.342201933705064e-24 0 0 0 0.002499999999997022 -5.499504389210069e-12 -8.673617248611968e-21 
0.09999999999943333 -3.050077551636234e-12 0 -4.457355410695619e-14 1.036725289685073e-12 1.355109158068261e-22 1.445602896647338e-23 5.745573046697478e-23 -1.489079716364285e-23 0 0 0 0.00249999999998019 -1.343597542252667e-14 8.673617379884046e-21 
0.09999999999930564 4.711370182874905e-11 6.106226635438369e-18 5.891972719906401e-14 1.25025473237217e-12 3.786340655647425e-22 -7.58941520739854e-23 1.170569535886362e-22 -1.581609574007304e-23 0 0 0 0.002499999999975709 1.037318560041794e-12 0 
0.1000000000000876 3.290296854419071e-10 2.220446049250312e-18 -1.461913883930711e-13 -1.567698602074548e-13 -5.399095534027882e-22 2.529805069133734e-23 -5.769279021458424e-23 -4.005308776622749e-24 0 0 0 0.002500000000003099 7.96022048190489e-12 -8.673617379884031e-21 
0.1000000000006917 5.546084425045473e-12 0 7.891817107215819e-14 -1.266168378915717e-12 -2.639004381331658e-23 -1.445602896647338e-23 5.414315989502022e-23 -5.236236171857014e-24 0 0 0 0.002500000000024227 2.486617682595515e-14 -8.673617379884046e-21 
0.1000000000008235 -6.647547096116951e-12 0 -9.365314912468376e-14 -1.491204033675816e-12 1.839628679685195e-25 2.020380915475807e-38 4.367238953499185e-24 -9.66033725500188e-25 0 0 0 0.00250000000002884 -3.042271295994338e-14 8.673617379884046e-21 
0.1000000000000471 -3.899045149247087e-10 9.415161094775013e-27 1.800878284460051e-13 -3.839634578747291e-14 1.723800810223139e-22 7.228014483217664e-24 2.476515704244511e-23 1.527981267029468e-24 0 0 0 0.00250000000000165 -9.45017854117945e-12 2.281967762203823e-28 
0.09999999999813033 -1.851708890387977e-11 4.471386412900789e-28 3.421243450573758e-14 3.31342696117327e-12 1.333916754539628e-22 2.663229388581746e-38 -2.817320006670337e-24 2.745216866713238e-25 0 0 0 0.002499999999934557 -4.850097103450924e-13 -8.673617368172441e-21 
0.09999999999995825 4.922233627635565e-10 0 -2.385649633858584e-13 9.690256568191621e-14 -1.120053430294097e-22 4.69820941409819e-23 -1.346673090393845e-22 2.260085976048909e-23 0 0 0 0.002499999999998562 1.193017039324843e-11 8.673617379884031e-21 
0.1000000000013013 6.19651899236298e-12 -5.55111512312579e-19 8.887421285019828e-14 -2.347201769030092e-12 1.765626206146264e-24 0 -2.936364180403029e-24 2.68109459559095e-23 0 0 0 0.002500000000045556 2.68258722527227e-14 0 
0.1000000000009981 -1.309877553645748e-10 0 -5.499723963265801e-14 -1.813944004170872e-12 1.162660461593004e-22 -1.445602896647897e-23 8.28180381800639e-23 1.599686454358933e-23 0 0 0 0.002500000000034944 -3.025631503152088e-12 -8.673617379884046e-21 
0.09999999999973914 -4.745184713911254e-10 2.775557448296296e-19 1.954227439592018e-13 4.695549959339141e-13 -1.184692434373504e-22 -3.93790607525466e-37 1.872543723612162e-24 1.320021133387987e-23 0 0 0 0.002499999999990867 -1.14727617597093e-11 -2.738524716258673e-28 
0.09999999999882363 -6.853025091846405e-12 0 -9.327114474285307e-14 2.098547862683541e-12 -9.12427446326108e-23 -2.681596487813344e-38 -6.132020193849508e-25 1.002030283053013e-24 0 0 0 0.002499999999958837 -3.26317748863826e-14 8.673617379884046e-21 
0.09999999999991414 8.259187604664523e-11 -5.551115043809265e-19 -2.861962356917636e-14 1.817236795258028e-13 4.834527604974933e-23 -3.614007241619598e-24 -2.615520037253693e-23 -4.210474408486819e-24 0 0 0 0.002499999999997017 1.999118373011846e-12 1.91983916836863e-28 
0.1000000000004284 3.978323746822699e-11 1.899235447948303e-27 -2.819308559759693e-14 -8.607918111203594e-13 -4.669891486028037e-23 -3.614007241616999e-24 4.070156365140273e-23 -1.506336426612292e-23 0 0 0 0.002500000000014995 9.894185080613852e-13 -8.673617332649612e-21 
0.1000000000024413 -1.41993404881304e-10 -6.778706940098279e-27 -1.97036010423868e-13 -4.329963532097591e-12 6.442366073772542e-23 3.6140072416159e-24 7.201182894856864e-23 -1.784012247858792e-23 0 0 0 0.002500000000085463 -3.090317715268063e-12 -1.475305008785975e-28 
0.09999999999964664 -1.110424642861136e-09 2.775558094757091e-19 5.090107939305251e-13 6.122133663041601e-13 -3.816746360241685e-23 -8.346009890838228e-37 2.297648827898935e-24 -3.897635777678535e-24 0 0 0 0.00249999999998766 -2.693481695277171e-11 1.293333033122588e-27 
0.09999999999754837 1.900831922418956e-11 9.074493674711716e-28 -2.727355154218522e-13 3.941008751504619e-12 5.65709248318018e-23 -3.614007241617005e-24 1.075625716923081e-22 -1.520947634757714e-25 0 0 0 0.002499999999914199 9.137845645087968e-13 -8.673617336260346e-21 
0.1000000000750223 9.326785004037724e-10 5.55111512312585e-19 -8.829481414756365e-12 -1.380313960435093e-10 2.510043379640394e-22 -1.084202172484522e-23 -1.325412616609878e-22 3.298645256622639e-23 0 0 0 0.002500000002625786 5.125476730321687e-11 0 
0.1000000212830451 -5.87682138196435e-08 5.55111512312579e-19 -2.523509533027222e-09 5.634869655842721e-09 -3.265047313869315e-22 2.350988701644576e-38 1.487525357460039e-23 -1.375933394197411e-23 0 0 0 0.002500000744903131 1.416360166086808e-09 0 
0.09999663905608325 -5.645783682922647e-05 -1.940195019108188e-18 3.900385086525893e-07 6.108062908750132e-06 -4.906491619223531e-22 3.252606517457085e-23 1.022329541844936e-22 -8.256092919464297e-24 0 0 0 0.002499883550253881 -1.430504353404211e-06 -8.605325688475083e-21 
0.1007725747580471 0.0001668999130621798 -1.665334536937732e-18 -0.000393889183793599 -0.0003281488597002792 2.168404344971006e-21 2.529805069127555e-23 -2.667097133575664e-22 1.007595517991555e-23 0 0 0 0.002719149228473628 0.0005293250053208473 0 
0.1082707874789235 0.0001684869405989976 -1.665428065978138e-18 -0.01907737173087063 -0.0003283327893383549 -6.920667772784095e-20 -4.553649124439888e-22 -6.190240952309325e-21 2.548546098046105e-22 0 0 0 0.04806513752173846 0.0005293480122644753 1.38484030902517e-19 
0.132121384403165 0.0001686417291752684 -2.775557561562895e-18 -0.1765520756726606 -0.0003283340471955956 0 2.009026625615639e-20 9.041428742651325e-20 3.317263253669017e-21 0 0 0 0.9795809506335628 0.0005293480243404058 0 
0.1490320117844723 0.0001698627300330675 -2.220446049250316e-18 -0.5090363171512299 -0.000328334718450661 0 6.653025931095222e-20 6.429365473373169e-19 -1.118032155048577e-21 0 0 0 4.871233249693769 0.0005293480251605831 0 
0.1228692199925555 0.0001686367166686244 -1.65719027703228e-18 -0.6434896654879839 -0.0003284096469890317 -2.236306495144752e-18 3.114696001115988e-19 -6.676391472346678e-19 6.203688610283422e-21 0 0 0 10.01943386393111 0.0005293480265289279 -3.550157208303653e-17 
0.07943518051024824 0.0001665264682981789 -5.55111512312579e-19 -0.4792208653787488 -0.0003283040005443174 0 -5.921189464667489e-20 4.726469910027369e-19 1.247818643620526e-20 0 0 0 12.61782924346446 0.000529348612055005 0 
0.06382817224581135 0.0002345987655089816 -8.326672684688613e-19 -0.3078089379168826 -0.0003271992890390555 1.110223024625148e-18 -7.401486830826817e-20 -7.531966535533987e-19 -4.546344520090328e-20 0 0 0 14.67162840095478 0.0005293487795987573 0 
0.07536734268704855 0.0002450913419280282 -1.399615393997545e-18 -0.2268283343268361 -0.0003262295935235904 1.575516086291384e-20 -4.440892098496348e-20 9.856696137716338e-19 -6.268038405503185e-20 0 0 0 17.35369470012806 0.0005293487880309005 -2.556474174502576e-20 
0.08480194152909117 0.0002571903347493864 -8.326672684688683e-19 -0.1539435842051979 -0.0003260750282254462 0 2.96059473233376e-20 -4.735143598991741e-19 -4.388444493887619e-20 0 0 0 20.06430817490084 0.0005293487937096963 -7.105427357601011e-17 
0.0914017792726431 0.0002816599097892427 -8.326672684688776e-19 -0.09304329133243712 -0.0003259392825782491 0 2.960594732336459e-20 -1.676336250958946e-18 2.350191125941164e-19 0 0 0 22.11336065091874 0.0005293487993940236 7.105427357601088e-17 
0.09555915013053837 0.0003540292985962624 -8.326672684688683e-19 -0.05013654316580502 -0.0003256591390763786 0 1.776356839400122e-19 -2.630494040527151e-18 -8.467739520660994e-20 0 0 0 23.47737072925118 0.0005293488301694306 -7.105427357601009e-17 
0.09792117985324152 0.0006191361113589136 -5.551115123125774e-19 -0.02409636387992482 -0.0003245694114881489 0 2.368475785859545e-19 -4.135137886631016e-19 -1.442409907512938e-21 0 0 0 24.27762419763534 0.0005293490147106902 -7.105427357600991e-17 
0.09912039998958952 0.001327301664592802 -1.110223024625158e-18 -0.01035194733231171 -0.0003174516141150551 0 5.625129991434118e-19 1.949943015805194e-18 -3.757830885523342e-20 0 0 0 24.69255263729547 0.0005293499100167431 0 
0.09966303750549113 0.003441482306338459 1.642949544994931e-19 -0.003990617357435518 -0.0002493803478400856 -8.12942546136994e-20 1.480297366166617e-19 -6.318395564429779e-19 8.721917243013473e-20 0 0 0 24.88192617527766 0.0005293591590516094 7.107954496525714e-17 
0.09988033695587253 0.001486325686238655 0 -0.001354936908738224 0.0001406424956524728 -5.85469173142173e-19 5.921189464666051e-20 -8.222195062698017e-20 2.579349736972208e-19 0 0 0 24.95808115242054 0.0005295022621476439 0 
0.09995884048929791 0.0004411487486172139 5.764166594755195e-19 -0.0003083336348745012 0.0008130948291292703 -2.237556390097552e-18 2.960594732568469e-20 2.308923385972221e-18 1.509362326547009e-18 0 0 0 24.98559170244497 0.0005366338419410634 7.108019014725551e-17 
