0.08376719579073967 -0.002607506075563455 0 0.1156907209843839 0.6385841508304216 3.330669073875473e-18 -1.657933050106633e-18 2.211055906844311e-18 -7.992779134029507e-19 0 0 0 195.2081156432393 -7.604555851242833 0 
0.08203789610022753 -0.007252593937202806 3.502618598142631e-19 0.3410304034868085 0.6163279385706735 -2.088358966625882e-17 6.394884621839543e-18 2.387897471322394e-17 1.316792399183418e-18 0 0 0 190.2524878096983 -21.15352925352167 -6.836991833478834e-16 
0.07872268706489648 -0.01193107825578175 2.775557561562894e-19 0.5571407258911817 0.5679832695734188 -1.776356839400252e-17 4.736951571744512e-19 -3.207587742360732e-17 8.131602549797421e-18 0 0 0 180.8081576815193 -33.16338916506233 0 
0.0744259968645975 -0.0136426657593028 0 0.7424590397392354 0.4693316825555425 -4.440892098500619e-18 -1.232595164407833e-31 1.216793387505487e-17 1.081296742494398e-17 0 0 0 168.8387002142555 -36.87424752826912 0 
0.07009247243397 -0.01267218857580829 0 0.881029578475708 0.3365437029954408 -1.776356839400252e-17 -4.736951571737209e-19 -7.400466044192137e-18 9.280558593865568e-18 0 0 0 157.2538734928512 -33.23248157491581 -5.684341886080808e-16 
0.06611571517303898 -0.0119160544851427 -2.775557561562925e-19 0.9790499889672469 0.2335755613714436 -3.552713678800544e-17 -3.552713678802945e-19 1.290975287654388e-18 9.596808617404049e-18 0 0 0 147.050557687218 -29.25902816514065 -5.684341886080871e-16 
0.06266515617400083 -0.009208092550269309 -1.665334536937737e-18 1.041891103994934 0.1422603351088944 0 9.237055564881341e-18 3.217787929007927e-17 9.019821543528778e-18 0 0 0 138.8161025700699 -21.37130758429307 -1.705302565824242e-15 
0.0600031341886331 -0.007411995967041074 -4.788216194842423e-19 1.081499163868074 0.1305812685957856 -1.793004133630908e-18 1.468454987237583e-17 2.162426697287308e-17 9.129780322119881e-18 0 0 0 132.6366284854541 -18.98329435951201 -1.935916252350218e-15 
0.05815634609160988 -0.003970336339483081 8.580954750368511e-20 1.118440481643535 0.09255947471822534 2.924011060257088e-20 1.468454987241214e-17 -2.139912008811538e-17 9.167573014981518e-18 0 0 0 127.0811220637919 -13.56195818287434 -1.223404911771004e-15 
0.05747805967535594 -0.001929685523889692 1.85433360303237e-19 1.168218000275255 -0.05098494386799811 2.006891779067303e-18 1.468454987237436e-17 2.02187128923121e-17 8.587984208075327e-18 0 0 0 124.3487012384936 -12.67612555538426 1.100149528275282e-15 
0.05726722284105498 -0.001152419968096187 0 1.185606100066016 -0.07066575328312123 1.332267629550189e-17 2.303342701755386e-17 5.721211628679569e-18 7.511321754429287e-18 0 0 0 122.6555319970167 -9.943082948018693 5.684341886080808e-16 
0.05784434020246721 0.0002705473033314335 0 1.201020074676355 -0.03219421351681336 3.552713678800505e-17 1.860473219349645e-17 -4.50772667279593e-17 7.031061399891954e-18 0 0 0 122.1352132786093 -8.485214344164262 0 
0.06231129541894457 0.0002770383649831076 0 1.302867762061469 0.01470202164497009 3.996802888650568e-17 2.140554805167456e-18 -3.549002546124073e-17 6.792889887159515e-18 0 0 0 121.5021359441457 -3.267981653255476 -5.684341886080808e-16 
0.07807874674685469 0.0002771787817611009 -2.775557561562894e-19 1.639152080168848 0.01473109506748566 3.552713678800505e-17 -1.246919234531725e-18 6.985946723868168e-18 9.667969312075241e-18 0 0 0 123.6815330002665 -1.175979655882303 -5.684341886080808e-16 
0.1218108168683496 0.0002771867584835944 0 2.472064646625494 0.01473284672294449 2.664535259100371e-17 -6.1786404985598e-18 -3.926787374529261e-17 1.509437662932435e-17 0 0 0 133.6715217125752 2.119423404928614 0 
0.1887231103208465 0.0002772543123114047 0 3.674782517912006 0.01473557650968078 0 -1.838707860737277e-17 -2.254957926089371e-18 1.566426794149212e-17 0 0 0 139.295659097726 1.922006303792054 0 
0.2544422895916437 0.0002774706494266382 0 4.331768127176525 0.01473473494885685 1.776356839400272e-17 -9.055083072251323e-18 6.012164502996758e-17 1.392101604085933e-17 0 0 0 117.4147575767013 1.917961732805199 0 
0.2298871696138078 0.0002774523794289677 0 2.584891390428218 0.0147346551833375 2.664535259100379e-17 2.458406742067368e-18 -1.373770428116614e-17 6.4000882188232e-18 0 0 0 50.48232476703857 1.914784470570312 -1.421085471520202e-16 
0.1454817211953504 0.0002774441090705298 0 0.5334227511578874 0.01472192660875681 2.442490654175347e-17 -2.521131451754223e-20 2.149642202301215e-18 8.471098949108731e-19 0 0 0 6.546634275702573 0.205499399505669 -1.421085471520202e-16 
0.1098055754858771 0.0002771632640355392 0 0.05570968628679162 -0.006236679937284576 2.498001805406584e-18 1.256590317910227e-20 -2.15956991644604e-19 3.557963693440838e-20 0 0 0 0.3439562994877731 -0.01191573187184486 1.110223024625148e-18 
0.1008713212859617 -7.291020336823816e-05 0 0.00104210046086319 -4.29898555249928e-05 0 -2.89120579329468e-23 2.623203395933055e-22 1.847281847355156e-22 0 0 0 0.003784641837590753 -1.345065158254809e-05 -1.734723475976809e-20 
0.1000117386367721 -0.0002025745547224323 -2.67772478490052e-19 1.79994338376258e-06 -3.149925465971124e-05 1.428073479307835e-21 3.614007241609005e-24 -1.188494267648968e-22 1.021675735952215e-23 0 0 0 0.002500522617399999 -9.34761667765544e-06 -8.222177022034757e-21 
0.09999999224031458 5.20290983907492e-08 2.775557561562895e-19 -9.170304256587957e-10 -1.747987730735173e-08 8.984008632938444e-23 1.175494350822288e-38 1.053979852224035e-22 -2.155586712451429e-23 0 0 0 0.002499999728425557 -6.115072833409581e-09 0 
0.09999999999583833 1.679473834309576e-10 5.551115204235476e-19 -7.211321937742071e-13 -7.347140971775361e-12 2.023636577488719e-24 -1.807003620808547e-23 -2.470740908692845e-22 -1.683731082257313e-23 0 0 0 0.00249999999985436 -5.76906686484976e-12 -2.786153625821851e-28 
0.0999999999976872 -4.718880668164184e-10 -2.77555756156289e-19 4.785378692830511e-13 4.076258678853602e-12 5.061357417292152e-23 1.052067443985948e-36 -6.60512288784594e-24 -1.288080122312134e-23 0 0 0 0.00249999999991908 -1.176948078926435e-11 8.673617379884031e-21 
0.09999999999865325 9.940448204154262e-10 -2.427945183696083e-26 -5.865166842924941e-13 2.416945121698881e-12 2.626268711579762e-23 -3.614007241624951e-24 -1.978179377507326e-23 -2.254872994689076e-24 0 0 0 0.002499999999952887 2.422089086370405e-11 -8.673617971477016e-21 
0.1000000000012677 1.479909944590566e-10 -5.55111512312579e-19 2.952019825343825e-13 -2.178416623217863e-12 -6.825142611412255e-23 -5.059610138267304e-23 -1.941329423112049e-22 1.701044198020518e-23 0 0 0 0.002500000000044376 3.08941511695941e-12 8.673617379884046e-21 
0.1000000000000782 4.325582860648125e-10 -5.55111501987499e-19 -1.61770217591996e-13 -2.696375471143777e-13 -7.662532611222323e-23 4.698209414100874e-23 -2.0950152829814e-22 -2.922678606245352e-24 0 0 0 0.00250000000000273 1.0401559171272e-11 -8.673617131600925e-21 
0.1000000000017095 8.330311267179502e-11 2.22044604925034e-18 -2.04928500096878e-14 -3.024415560687449e-12 1.732163297051014e-22 4.336808689943343e-23 1.605399830097903e-22 1.847631387178308e-23 0 0 0 0.002500000000059829 1.993939952385496e-12 8.673617379884141e-21 
0.1000000000001771 -3.452555082106317e-10 -2.775557646849501e-19 1.912507596735992e-13 -3.50714625328969e-13 -3.753720232826194e-23 1.44560289664401e-23 1.288117248218796e-22 -1.595995400960826e-23 0 0 0 0.002500000000006223 -8.392346876034333e-12 8.673617172572398e-21 
0.09999999999914465 -5.30912119822704e-12 0 -7.64416833073008e-14 1.529847556398295e-12 -1.457835675277778e-22 0 5.483685615119036e-25 -2.850363193945754e-23 0 0 0 0.002499999999970078 -2.329408367585116e-14 8.673617379884046e-21 
0.09999999999928291 4.698940889169531e-11 0 6.097918882807801e-14 1.29666124448491e-12 -5.583869497419561e-23 1.084202172485159e-23 -8.110057686114871e-23 -2.002831066873864e-23 0 0 0 0.002499999999974918 1.030442007762805e-12 8.673617379884046e-21 
0.1000000000000917 3.271521508557696e-10 4.440892098500612e-18 -1.509201481379609e-13 -1.594696646756632e-13 6.57600817015283e-23 1.084202172484362e-23 -1.763394138700948e-22 9.93142411108626e-24 0 0 0 0.002500000000003207 7.904400333054453e-12 8.673617379884009e-21 
0.1000000000006703 6.166855220923776e-12 0 8.650784417511346e-14 -1.214537877861989e-12 -1.491792032646481e-22 1.445602896647339e-23 -5.309181211230395e-23 1.341286163438454e-23 0 0 0 0.002500000000023481 2.849012258748796e-14 0 
0.1000000000006266 1.558362813791624e-11 -5.551115119319502e-19 -8.159569385899357e-14 -1.139185195356415e-12 5.970422896422315e-24 -2.529805069132774e-23 1.656132141532615e-22 7.749779878002558e-24 0 0 0 0.002500000000021942 4.79095387494188e-13 1.170186006413071e-29 
0.1000000000000894 -2.85983996900497e-10 -5.55111512153825e-19 1.413834665083769e-13 -1.748209921939772e-13 -1.026694308459669e-22 3.614007241634832e-24 -3.698889763614746e-23 -5.69500290403367e-24 0 0 0 0.002500000000003151 -6.92001658883156e-12 -8.673617376042651e-21 
0.09999999999973107 -2.881809374466469e-11 2.775557554524102e-19 -1.015145525510728e-13 4.71000631804022e-13 1.416890693310134e-22 4.114230227878007e-38 -2.360710255286575e-24 -2.044344985526717e-23 0 0 0 0.002499999999990599 -5.41159185605405e-13 -8.673617393101809e-21 
0.0999999999999563 -1.648653435992732e-10 2.775557561562893e-19 7.625214371956157e-14 1.060564727091375e-13 2.857359464309699e-24 -2.93873587705572e-38 -2.555792438326843e-26 9.272375948390258e-24 0 0 0 0.002499999999998496 -3.976704490878089e-12 -8.67361737988404e-21 
0.09999999999959434 -2.577712349127747e-12 2.775557561562895e-19 -3.57697924520857e-14 7.249436092721393e-13 -1.082409793166164e-23 2.938735877055719e-38 8.35782837703186e-25 -1.119178052947837e-23 0 0 0 0.002499999999985807 -1.215932736442498e-14 0 
0.09999999999981946 2.199108950495797e-11 0 1.064739800956727e-14 3.264411967323857e-13 1.43906825908619e-22 4.584427968206922e-37 -1.233643498734122e-23 -3.21753586066663e-23 0 0 0 0.0024999999999937 4.964805693299931e-13 8.673617379884045e-21 
0.1000000000002019 8.087896671837863e-11 2.220446049250311e-18 -5.329418364954037e-14 -3.521225052482154e-13 4.045949526373111e-22 -6.866613759074118e-23 1.194896303082904e-22 -2.602853117396761e-24 0 0 0 0.002500000000007096 1.982124859210847e-12 0 
0.1000000000000685 -6.906580342358477e-11 2.220446048426021e-18 6.828305051017803e-14 -1.259409253441095e-13 -4.37484027385424e-22 1.084202172486123e-23 -1.881065713853633e-22 4.546507967593257e-24 0 0 0 0.002500000000002404 -1.71819074809912e-12 -8.673617400390471e-21 
0.09999999999990827 4.906769435208956e-11 -2.775557560963651e-18 -5.047830440677423e-14 1.538650675226465e-13 2.294622103028005e-23 2.89120579329503e-23 -5.23058621653281e-23 -8.17755971177349e-24 0 0 0 0.002499999999996812 1.219530932402429e-12 1.489346452435337e-29 
0.1000000000000768 -2.905956725252072e-11 -1.665334536937736e-18 3.172308804533493e-14 -1.288254473285733e-13 1.808842186945812e-22 -3.252606517456635e-23 -4.268307123173682e-23 1.64930394686227e-22 0 0 0 0.002500000000002685 -7.31435311623897e-13 0 
0.09999999999994308 1.483813072411521e-11 2.220446049340919e-18 -1.684454520311974e-14 9.430471156455951e-14 6.620255959714933e-23 3.61400724161842e-24 8.212578477164535e-24 1.590748977853629e-22 0 0 0 0.002499999999998025 3.877825252747434e-13 -8.67361737751615e-21 
0.1000000000000355 -4.535824840723455e-12 2.775557561839858e-19 6.555321794647363e-15 -6.076223906388509e-14 -4.500148811619749e-24 1.445602896647223e-23 1.317170897808162e-22 1.674304028277601e-22 0 0 0 0.002500000000001258 -1.21621733951277e-13 7.426498713014853e-31 
0.100000000000004 -2.203098814490545e-13 5.55111512312579e-19 -3.106581889881581e-15 -1.045176946867e-14 8.007136480803583e-23 9.403954806578298e-38 -1.303928027914213e-23 1.713780908970592e-22 0 0 0 0.00250000000000017 -9.974659986866639e-16 -8.673617379884046e-21 
0.1000000000000039 -7.780972047233272e-12 -2.375618938220858e-29 3.190513131468039e-15 -6.659059767566194e-15 3.308032579062218e-23 1.445602896647472e-23 -1.055083799601574e-22 1.078875217179669e-22 0 0 0 0.002500000000000146 -1.787849382428597e-13 -5.458506759568763e-31 
0.09999999999998177 -1.594340978683384e-12 -3.540148127275398e-30 -6.9139578321815e-16 3.223736353276954e-14 8.04988982471731e-23 -2.938735877055719e-38 -4.391976432622616e-24 1.107174015674504e-23 0 0 0 0.00249999999999936 -4.516786250574611e-14 -8.673617379984331e-21 
0.09999999999999579 7.046446759417791e-13 0 -8.97711303441771e-16 7.32135194979471e-15 -6.188870901137915e-23 -3.614007241618406e-24 -4.511042531266602e-23 2.928947622614058e-24 0 0 0 0.002499999999999863 2.210688229697944e-14 0 
0.1000000000000137 -1.133641791550843e-13 -5.551115123125785e-19 -1.14509443593924e-15 -2.469056627607068e-14 -4.663917059586891e-24 2.938735877055718e-38 7.264053622799993e-25 1.457190928291631e-23 0 0 0 0.002500000000000501 -3.74049749507499e-16 -8.673617379884039e-21 
0.09999999999999355 -5.875855357828644e-12 -2.775557561562892e-19 3.418638520417459e-15 1.066262768567842e-14 3.395485283740686e-23 -6.612155723375369e-39 -2.32854872923272e-24 -2.188066779836585e-24 0 0 0 0.002499999999999789 -1.3360894422082e-13 -8.673617379884037e-21 
0.09999999999998713 2.435725232619036e-12 -1.665334536930299e-18 -2.726400355479404e-15 2.063787886804047e-14 -1.50581580938595e-22 5.059610138265679e-23 3.373621835533231e-23 1.617757905821338e-22 0 0 0 0.002499999999999572 6.631251537464472e-14 2.024596238217858e-31 
0.1000000000000278 -1.5855372570428e-13 0 -1.827741661723317e-15 -4.967570096419583e-14 1.491639948468106e-23 2.350988701644575e-37 -2.32705324138873e-24 1.554192734479596e-22 0 0 0 0.002500000000000997 -6.803368632346533e-16 8.673617379884037e-21 
0.09999999999999985 -1.030668606016857e-11 -2.775557561562895e-19 4.963889253343595e-15 2.322529394455102e-15 1.654424807295018e-25 -1.88079096131566e-37 5.833296690877854e-25 1.403174500847767e-22 0 0 0 0.00250000000000001 -2.452953205139822e-13 -8.673617379884046e-21 
0.09999999999991076 3.962108419131039e-13 2.77555756156289e-19 4.94323355397045e-15 1.644407786683966e-13 6.446641115879e-23 1.410593220986745e-37 1.368469190998059e-23 1.323378091034769e-22 0 0 0 0.002499999999996894 2.333745176275055e-15 0 
0.09999999999981847 3.162743504592226e-11 -3.885780586188047e-18 5.460817677685338e-15 3.11914067981894e-13 -8.743917162981958e-23 4.055455510336893e-37 2.360733405303535e-22 1.397644927400442e-23 0 0 0 0.002499999999993647 7.433615355212368e-13 0 
0.1000000000002705 8.068554505080731e-11 0 -5.59998260726159e-14 -4.678763943224204e-13 2.294226247734503e-22 -1.084202172484501e-23 4.804651417650495e-23 4.560462301125828e-24 0 0 0 0.002500000000009494 1.981425548809596e-12 8.67361737988404e-21 
0.09999999999995421 -8.878479548779558e-11 2.775557550720087e-19 9.133638313266648e-14 7.460452828000263e-14 -1.589679024241827e-22 -3.203222105990733e-37 6.653711834071237e-24 -2.273698234391284e-24 0 0 0 0.002499999999998417 -2.215819216479242e-12 -8.673617406944615e-21 
0.09999999999983919 9.955252767979137e-11 -5.551115123125786e-19 -7.845609879355254e-14 2.631289892433661e-13 -1.81016458603567e-23 -3.614007241614296e-24 2.36440550837937e-23 5.442246140789149e-25 0 0 0 0.002499999999994395 2.467348699485003e-12 8.67361737988404e-21 
0.1000000000004733 -2.094262263607759e-11 0 7.681435811509074e-15 -8.302769038379155e-13 -2.079309866240306e-24 -1.084202172485413e-23 -9.602552634824749e-23 1.245240263708437e-23 0 0 0 0.002500000000016584 -4.931602001767562e-13 0 
0.1000000000000408 -1.13178477006981e-10 1.38218686171675e-27 4.06149264683109e-14 -1.060110443948255e-13 -4.9599106336959e-23 -2.168404344970858e-23 -5.758274946204383e-23 -2.705432714503862e-23 0 0 0 0.002500000000001467 -2.728999209770932e-12 3.332777532558698e-29 
0.1000000000002489 -4.702622839747337e-11 -2.77555755033783e-19 -6.385574846666743e-14 -4.371121242893095e-13 -1.261898695624934e-22 3.614007241617363e-24 8.394672856448664e-23 -1.235146744493612e-23 0 0 0 0.002500000000008716 -1.011823545955808e-12 2.41520206479272e-29 
0.09999999999991202 -2.254794007755534e-10 5.382147079873594e-27 1.01359933872071e-13 1.705160662988572e-13 1.574073052026353e-22 -9.403954806578292e-38 1.354461396021638e-24 -1.12848550180252e-23 0 0 0 0.002499999999996923 -5.461035540877568e-12 -8.67361724953021e-21 
0.0999999999994141 -3.151732347328475e-12 -2.775557561562895e-19 -4.602481613417509e-14 1.067448261590977e-12 1.267617872393776e-22 1.445602896647338e-23 5.73898703474402e-23 -1.026571382939645e-23 0 0 0 0.002499999999979517 -1.400247105765035e-14 0 
0.099999999999282 4.7064565786292e-11 7.216449660063525e-18 6.08373023255306e-14 1.286611002196395e-12 3.303235845623478e-22 -7.950815931560359e-23 8.800437208658636e-23 -1.117033113458216e-23 0 0 0 0.002499999999974882 1.031331053544243e-12 -8.673617379884046e-21 
0.1000000000000906 3.271443012320416e-10 2.220446049250312e-18 -1.508972037600818e-13 -1.612429264308246e-13 -5.004679404607059e-22 1.084202172486391e-23 2.920703186165809e-23 -4.022217926320683e-24 0 0 0 0.002500000000003204 7.904405754065334e-12 8.673617379884031e-21 
0.1000000000007152 5.733868241319963e-12 -5.55111512312579e-19 8.148382593664559e-14 -1.303628084462408e-12 -4.561543528602383e-23 -1.445602896647338e-23 5.39918704731861e-23 -4.069705336797229e-24 0 0 0 0.002500000000025051 2.594224748214701e-14 8.673617379884046e-21 
0.1000000000008515 -6.873841773558126e-12 -5.55111512312579e-19 -9.669720626067248e-14 -1.534807450225105e-12 3.939760687290991e-25 1.763241526233432e-38 4.49547682603357e-24 3.647403831448885e-24 0 0 0 0.002500000000029822 -3.172646607235721e-14 0 
0.1000000000000487 -3.876299888710948e-10 -2.77555746796051e-19 1.858730017123688e-13 -3.793197471256574e-14 1.71993424056959e-22 7.228014483217252e-24 2.467738284750187e-23 3.715738581258388e-25 0 0 0 0.002500000000001708 -9.383584133239961e-12 -8.673617153295311e-21 
0.09999999999806659 -1.833372863246902e-11 4.427109764961812e-28 3.531878238941089e-14 3.407878045759889e-12 1.330134319134324e-22 2.938735877055719e-38 -3.008140932927589e-24 -3.154064773780726e-24 0 0 0 0.002499999999932326 -4.811269113148788e-13 1.161794029991141e-29 
0.0999999999999568 4.893246398351993e-10 0 -2.462341351649722e-13 1.004907808694338e-13 -1.113481706509562e-22 4.698209414097909e-23 -1.341849448023265e-22 1.795104438111956e-23 0 0 0 0.002499999999998514 1.184595227899518e-11 0 
0.1000000000013456 6.403991920089807e-12 0 9.176868547474289e-14 -2.415536373869287e-12 1.767627514708373e-24 -4.701977403289151e-38 -3.019984101354329e-24 2.79306316743853e-23 0 0 0 0.002500000000047106 2.796157402840128e-14 8.673617379884046e-21 
0.1000000000010321 -1.30541844695075e-10 5.55111512312579e-19 -5.680207901244882e-14 -1.867203591936525e-12 1.156267431842897e-22 -1.445602896647941e-23 8.251270400531312e-23 1.600802574520737e-23 0 0 0 0.002500000000036133 -3.006164653145111e-12 0 
0.09999999999973025 -4.718400583442173e-10 -2.775557674190137e-19 2.017097667134473e-13 4.831978894748868e-13 -1.179903780365018e-22 -4.231779662960232e-37 2.015735164906361e-24 1.087120386978878e-23 0 0 0 0.002499999999990556 -1.139256061450511e-11 -2.719380867287171e-28 
0.09999999999878353 -7.094845544397572e-12 2.775557561562895e-19 -9.628759919018849e-14 2.15888365156693e-12 -9.103646697222637e-23 -2.350988701644576e-38 -6.551121699336984e-25 -5.909081153226346e-24 0 0 0 0.002499999999957434 -3.410900034639411e-14 0 
0.09999999999991123 8.211231174171142e-11 -5.551115044269812e-19 -2.951514333862617e-14 1.879890447472866e-13 4.791611088612342e-23 -3.614007241619688e-24 -2.59860876079497e-23 -4.241545375960155e-24 0 0 0 0.002499999999996915 1.984896351014268e-12 1.906181150287782e-28 
0.1000000000004428 3.947506384271971e-11 5.551115141971024e-19 -2.906669141491453e-14 -8.88839874416781e-13 -4.632223246646774e-23 -3.614007241616905e-24 4.063662640307424e-23 -2.196670714769127e-23 0 0 0 0.002500000000015502 9.817586197127751e-13 4.68687540418615e-29 
0.1000000000025245 -1.41924883304003e-10 -6.775435748087737e-27 -2.034265913123898e-13 -4.453525195701342e-12 6.403305837654887e-23 3.614007241615518e-24 7.1826893835622e-23 -1.781869122593042e-23 0 0 0 0.002500000000088375 -3.073184610437361e-12 -8.673617526596618e-21 
0.09999999999963426 -1.104033791471377e-09 5.301255154981002e-26 5.254523772105273e-13 6.306154663633866e-13 -3.780659482690342e-23 -9.536197921045792e-37 2.61746343582429e-24 -4.514432184291116e-25 0 0 0 0.002499999999987226 -2.674613053818863e-11 1.284272850040235e-27 
0.09999999999725794 1.665950363771698e-11 2.775557569516074e-19 -2.570534775776191e-13 4.179984710633543e-12 5.675331280376755e-23 -3.614007241616819e-24 1.069887912645854e-22 -1.251380885537221e-24 0 0 0 0.002499999999904033 8.899063669125192e-13 4.248376514719251e-29 
0.1000000000955371 1.16544152800599e-09 0 -1.126546185064078e-11 -1.692493708087287e-10 2.496657270883813e-22 -1.084202172484482e-23 -7.412409233941874e-23 3.168612116196423e-23 0 0 0 0.002500000003343805 6.636876107284624e-11 0 
0.1000000201831368 -5.040443574674834e-08 5.55111512312579e-19 -2.395718551382922e-09 2.109371861847825e-09 -2.512395674507314e-22 1.763241526233432e-38 1.47080608939577e-23 -1.36707945023681e-23 0 0 0 0.00250000070640669 3.048964601843145e-09 8.673617379884046e-21 
0.1000016596814418 3.045693160296636e-05 -2.777011562992071e-18 -2.547700242157761e-07 -5.054410932242741e-06 -1.102231672161361e-22 4.698209414104437e-23 -1.395027218979089e-23 -1.284426593633491e-23 0 0 0 0.002500071404918258 1.821846999872297e-06 -8.760591608807952e-21 
0.101044698544737 0.0001552931029134149 -1.665334536937732e-18 -0.0006362760379878039 -0.0001605402279594786 2.168404344971006e-21 2.16840434496386e-23 -2.620797942637755e-22 1.507803866430245e-23 0 0 0 0.002916162885442948 0.0002285783742883621 0 
0.1099523087372958 0.0001563768174511419 -2.220532855821942e-18 -0.02533619324125585 -0.0001605710402687321 -1.386887432451476e-19 -5.131890283098991e-22 -3.770939586949479e-21 2.236532679202831e-22 0 0 0 0.06929589155349468 0.0002285795858074638 -1.268871595613642e-22 
0.1354350923137655 0.0001565346480134333 -1.110223024625158e-18 -0.2053030027389547 -0.0001605713634708634 0 2.009026625615639e-20 6.051989341768969e-20 3.600171254420431e-21 0 0 0 1.197970556856323 0.0002285795869298733 0 
0.1502342174444409 0.0001586549933191475 -3.330669073875473e-18 -0.541661678953244 -0.0001605716613440479 0 1.331436407884616e-19 8.133343805077313e-19 -5.215563767179923e-22 0 0 0 5.346368877317633 0.0002285795870360384 -1.776356839400253e-17 
0.1212114908727056 0.0001577430046221717 -3.878162434854882e-18 -0.6487103687828565 -0.0001606483341402834 2.212687585895101e-18 2.670606791265969e-19 -9.273074520959569e-19 -7.976640837512808e-21 0 0 0 10.34022320898882 0.0002285795861145511 1.103918289666937e-20 
0.07809683806883568 0.0001555074639540955 -3.053113317719184e-18 -0.4739977672813285 -0.0001606158803745684 0 2.960594732333765e-20 6.366858861182355e-19 7.60022891499962e-21 0 0 0 12.65894426186642 0.0002285797527590293 3.552713678800505e-17 
0.06339684596167998 0.0002360233444738436 -3.608224830031733e-18 -0.3102987209438181 -0.0001601617215567224 0 4.440892098511008e-20 1.00680280027184e-19 -2.875082700263623e-20 0 0 0 14.54457600408821 0.0002285797599643748 0 
0.07465930044917453 0.0002483788370917319 -2.78755294337684e-18 -0.2326319040399655 -0.0001597722882021478 -1.102506869647088e-18 -4.440892098495887e-20 8.346404740454298e-19 -3.432935841690987e-20 0 0 0 17.15712748290327 0.0002285797633727592 -7.10653127674674e-17 
0.08405479626455202 0.0002619064960162839 -3.330669073875473e-18 -0.1607249790002928 -0.0001597153554190954 -5.55111512312579e-19 2.960594732333767e-20 -4.659431469894677e-19 -8.118132459035896e-20 0 0 0 19.83911307640408 0.0002285797642054286 7.105427357601011e-17 
0.09077860262478214 0.0002884737660954694 -3.33066907387551e-18 -0.0992952870470146 -0.0001596698987380936 -8.326672684688776e-19 2.960594732337499e-20 -1.371518204225651e-18 2.338957235460873e-19 0 0 0 21.91399206389105 0.000228579761341047 7.105427357601088e-17 
0.09511750468787379 0.0003727583628665693 -3.053113317719184e-18 -0.05488771284290636 -0.0001595849092095351 -8.326672684688683e-19 2.072416312633409e-19 -2.401572076286022e-18 -7.92232760402019e-20 0 0 0 23.33028629364219 0.0002285797671808307 -7.105427357601009e-17 
0.09765048838741774 0.0008142049359523903 -3.330669073875464e-18 -0.02714330965854003 -0.0001592878241622787 -4.16333634234433e-19 1.480297366158913e-19 -8.701918356975947e-19 -1.631402270783476e-21 0 0 0 24.18524928153326 0.000228579837835419 0 
0.09897549966062402 0.002859016497562247 -1.942890293094026e-18 -0.01202626383084932 -0.0001575465516079437 -3.81639164714898e-19 5.329070518200744e-19 2.048457028819041e-18 -3.255630831020748e-20 0 0 0 24.6424435471844 0.0002285799312939938 7.105427357601011e-17 
0.09959527674925829 0.004044725549548641 -8.4462216520152e-20 -0.004791774986819859 -0.0001417710447381815 -4.231017257924544e-19 1.184237892933231e-19 -6.226138982828385e-19 9.680710495778685e-20 0 0 0 24.85817748341386 0.0002285808049951031 1.091235392579542e-20 
0.09985126983820394 0.001801968351722408 0 -0.001690818976040192 -1.603480076640233e-06 -4.250072516143183e-19 5.921189464666013e-20 -7.972225974694306e-20 3.072067478925712e-19 0 0 0 24.94788878798412 0.0002285931186118938 -7.105427357601009e-17 
0.09994408943493875 0.0005742735070494884 5.828458799557432e-19 -0.000400616286435045 0.0003438605753982557 -6.25241042240425e-19 2.960594732587652e-20 2.18551621185814e-18 1.516584074232032e-18 0 0 0 24.98042694737122 0.0002291456076997262 1.106651874020761e-20 
