0.09999418893930155 9.559308702337301e-06 0 0.0002738644596534975 -0.002062496462326301 -1.002887009549093e-20 2.368475785866536e-19 -9.664546973298418e-19 -2.928159398804932e-19 0 0 0 249.979662599756 0.03519951529344938 0 
0.09996576050176462 -0.0001365818970465355 6.596181957890024e-21 0.001256874231318705 -0.003374010742028015 1.412627984345369e-19 9.473903143469418e-19 -3.745486002356254e-18 5.192268995881717e-19 0 0 0 249.8801553759273 0.09435934565313835 1.13231132077739e-15 
0.09987255077669456 -0.000587446309484321 0 0.004763170314751288 -0.007336646593010008 -8.673617379884044e-20 4.736951571734397e-19 -9.584796685307413e-19 -3.841206103864084e-19 0 0 0 249.5536728816573 0.2687737099741139 -1.136868377216162e-15 
0.09958832590261348 -0.001891762845509639 0 0.01557007357540225 -0.008850184059791003 -6.938893903907218e-20 2.696301922142134e-33 -1.602619336869565e-20 -8.272388449371883e-19 0 0 0 248.5561668655198 0.6262242550663553 0 
0.0988423226589331 -0.006021066108083969 -2.775557561562894e-19 0.04411203041839869 0.005042514329989808 -4.163336342344342e-19 -2.11852293882596e-33 -4.796067214440766e-20 -3.604799392375585e-21 0 0 0 245.9200062959298 -0.2208690815786392 1.136868377216162e-15 
0.09691046078046432 -0.02030909458419816 -2.775557561562925e-19 0.11659892456679 0.005124235470365248 5.55111512312585e-19 9.205945134170988e-32 -3.248527417242342e-18 -3.689862902715822e-19 0 0 0 238.9606308648065 -0.2211510569733113 0 
0.09392113007242177 -0.0539130314720911 0 0.2397046052070896 0.005136786718995803 1.110223024625158e-18 3.274080905458302e-33 5.251737664770826e-19 4.537370882806224e-19 0 0 0 227.4306823285819 -0.2211722350285295 0 
0.08880630263054366 -0.0918745257289653 4.108496438998702e-18 0.4365618498702228 0.005152777443865614 1.974454566415519e-18 1.894780628693607e-18 -8.768219863680859e-18 1.819178776732277e-18 0 0 0 206.0839998918715 -0.2211778836543653 1.147427318711912e-15 
0.08020072576493333 -0.1000038764660288 -2.609211320639109e-18 0.7393526138466958 0.005158064947265895 -1.971338841937254e-18 1.421085471520429e-17 4.295990649785273e-19 3.546992301484783e-18 0 0 0 172.5489441032821 -0.22117957679484 2.263054952777354e-15 
0.06327874982626615 -0.06848912379202654 -1.604308156385618e-18 1.031849877703365 0.005159194971871424 2.46297852990986e-19 1.586878776530881e-17 2.478201783184953e-18 1.760166321547923e-18 0 0 0 128.8830451606233 -0.2211806255767476 1.694743493430241e-15 
0.06761447156653243 0.1970810295093685 0 1.171281855538448 0.005159229672368265 0 -2.309263891220451e-18 -4.170886651254851e-17 -9.047112102181129e-18 0 0 0 137.5702022388025 -0.2211806085254919 1.705302565824242e-15 
0.1338308578554449 -0.168682604071251 0 2.296803362966273 0.00515917192250167 0 -3.658940193653385e-18 2.019894932730552e-17 6.660025847526765e-18 0 0 0 99.69420221002373 -0.2211806390435287 1.136868377216162e-15 
0.1450533446563966 -0.3995528870445405 -5.551115123125789e-19 1.388618594249625 0.005159142245016101 0 -1.649006452220141e-18 2.843243585755663e-18 2.241039506513464e-18 0 0 0 36.78466022058097 -0.2211820975272139 1.278976924368182e-15 
0.1252217955349001 -0.1502570967284171 -5.551115123125789e-19 0.468038893960849 0.005159088439456195 2.220446049250315e-18 -7.288151563736584e-19 5.754737379256981e-18 2.786853387745334e-19 0 0 0 7.856280281632685 -0.2213157829372879 1.243449787580177e-15 
0.106272870224945 -0.01327233340483069 0 0.04441991733528747 0.003605395199863565 2.359223927328454e-18 -7.119594266164904e-22 5.642387745922423e-20 4.237115298161806e-21 0 0 0 0.3091628824366206 -0.01250027529615725 -1.110223024625155e-18 
0.1006204603042602 -0.0001489113556678307 -5.551115123125789e-19 0.0008019019438852089 -2.472808164169344e-05 -4.336808689942022e-21 7.95081593156028e-23 -8.937697021671434e-22 1.902899650931894e-23 0 0 0 0.003525563160810383 -7.779034050101824e-06 0 
0.1000056826692624 -9.859814421309082e-05 -5.55111512312585e-19 8.120011238416034e-07 -1.431040167230096e-05 -4.446922973085131e-23 1.910178320086217e-38 -1.670863070501035e-24 -4.397189117970704e-24 0 0 0 0.002500235420082801 -4.228140333280245e-06 -8.673617379884141e-21 
0.09999999933380134 -4.295179281688035e-08 0 -7.860624327584136e-11 -1.103498869416781e-08 -1.81897016700411e-23 -7.22801448323938e-24 -8.387070571949643e-23 -3.116542857100824e-24 0 0 0 0.002499999976683825 -3.496102187047367e-09 0 
0.09999999999972949 -1.962503076713426e-10 0 1.960619361307342e-13 -8.700596751978618e-12 2.015225835526027e-23 1.46936793852786e-38 -1.305905563457793e-24 -9.025990591887276e-24 0 0 0 0.002499999999990528 -8.342754113412101e-12 0 
0.09999999999988732 1.468133253856856e-09 0 -2.137292766379371e-13 2.084087856178129e-13 1.3261644125734e-22 -3.614007241615282e-24 2.904296970203503e-23 -5.896784115427323e-24 0 0 0 0.002499999999996064 3.641307090920793e-11 0 
0.100000000000781 7.851098243749665e-12 -5.55111512312579e-19 1.099537412507789e-13 -1.531451707166001e-12 -1.776823721926593e-22 -5.877471754111439e-39 1.294799874584785e-22 8.004031836148995e-24 0 0 0 0.002500000000027337 3.502515118214437e-14 8.673617379884046e-21 
0.09999999999999874 1.379416112584623e-10 -6.661848949977141e-27 -1.902164698900753e-14 -1.094492356310758e-14 3.352961948852836e-23 1.763241526233432e-38 3.67189361078786e-25 -1.476884421935439e-23 0 0 0 0.002499999999999958 3.427432762517067e-12 8.673617214357205e-21 
0.1000000000001075 4.249205154405207e-13 0 6.352225689898456e-15 -2.162565612830589e-13 4.783731415350743e-25 -2.938735877055719e-39 -1.869508836929196e-25 -4.743721716550582e-24 0 0 0 0.00250000000000377 1.805196617188372e-15 0 
0.1000000000003232 -4.861926833355024e-11 8.326672661208153e-19 -3.143437015314123e-14 -6.25998990797009e-13 -2.298146856170144e-25 -1.445602896647323e-23 -4.299014689793498e-23 -7.076218764336551e-24 0 0 0 0.002500000000011317 -1.153988200570265e-12 -5.573151576322054e-29 
0.09999999999931287 -5.453595908200285e-10 -2.77555756156289e-19 1.488579215908756e-13 1.34961488799181e-12 -3.473644614065745e-23 -2.497925495497362e-38 1.454881886427101e-25 -3.366250672040761e-24 0 0 0 0.00249999999997596 -1.360434930940822e-11 0 
0.09999999999959647 1.122470172365549e-09 -2.741622905593437e-26 -1.818692446640954e-13 7.955224482730653e-13 1.524339714224463e-22 -3.61400724161074e-24 2.913875647759948e-23 -5.918231825868603e-25 0 0 0 0.002499999999985886 2.787734100636795e-11 8.673616698982572e-21 
0.100000000000378 1.452922417793926e-10 2.220446049250316e-18 9.110501011006243e-14 -7.364126466996285e-13 3.278241432814226e-24 -2.168404344970759e-23 5.649287651637885e-23 2.840841346208232e-24 0 0 0 0.002500000000013231 3.44853269204635e-12 8.673617379884046e-21 
0.1000000000000255 4.826772228433442e-10 1.152140637465034e-26 -5.011022962316892e-14 -6.342791241475731e-14 -9.244721179332678e-23 1.234269068363401e-36 1.636929940658155e-23 -7.460677383068636e-24 0 0 0 0.002500000000000888 1.19404296563056e-11 2.850156084594709e-28 
0.1000000000005117 9.235112674588171e-11 5.55111512312585e-19 -6.333726136172001e-15 -1.00440258443583e-12 -8.79569054595383e-25 -1.807003620808943e-23 1.280580254933281e-22 -2.981266410409044e-24 0 0 0 0.002500000000017905 2.286072806750851e-12 0 
0.1000000000000536 -3.895398760500632e-10 -9.622594101659111e-27 5.94884095687523e-14 -1.092479929277404e-13 -7.298774564879598e-23 -2.721269422153597e-36 7.280653210707271e-23 -1.591131578467912e-23 0 0 0 0.002500000000001884 -9.660885101885834e-12 -2.386476499937725e-28 
0.09999999999974403 -1.664206966678357e-12 0 -2.352146695009752e-14 5.045736082451253e-13 7.291601870685703e-23 1.175494350822288e-38 -4.896719804494451e-25 1.140692198655857e-23 0 0 0 0.002499999999991047 -7.231628490478345e-15 -8.673617379884046e-21 
0.09999999999978523 4.815184709294736e-11 0 1.874306473914923e-14 4.249199163190712e-13 -1.790718950151807e-23 -8.257847814526571e-37 -5.632586507415118e-23 5.140251171761708e-24 0 0 0 0.002499999999992485 1.162882724142771e-12 8.673617379884046e-21 
0.100000000000027 3.670565587587938e-10 -5.551115123125765e-19 -4.687344679066587e-14 -5.34938604149881e-14 2.540470984212984e-23 -1.68095692167587e-36 -2.968309912871369e-23 7.574478982372e-24 0 0 0 0.002500000000000952 9.086768880742226e-12 8.673617379884009e-21 
0.1000000000002011 1.900302831758801e-12 5.55111512312579e-19 2.668817805639989e-14 -3.979377801471096e-13 -2.074173977219445e-22 1.445602896647339e-23 -5.741702694490469e-23 9.069381565821797e-24 0 0 0 0.002500000000007038 8.440513912799687e-15 0 
0.1000000000001879 2.161712649162427e-11 5.279962942591859e-28 -2.516761105075947e-14 -3.72459846115654e-13 9.70996193159576e-23 7.228014483236642e-24 -4.400924730346991e-23 -8.477475101506747e-24 0 0 0 0.002500000000006582 5.705017621510097e-13 8.673617393818497e-21 
0.100000000000027 -3.212976759647832e-10 -2.77555755977933e-19 4.385501105782413e-14 -5.498561828034867e-14 -1.088360261545789e-22 3.015143009859169e-36 -5.697541661052803e-23 -5.738928282447511e-24 0 0 0 0.002500000000000955 -7.956566720583614e-12 8.673617384300813e-21 
0.09999999999991969 -2.5668616537855e-11 2.775557555293359e-19 -3.137698156852109e-14 1.572211119380082e-13 1.468820631445261e-22 4.408103815583579e-39 -4.740807351500183e-25 1.074968173144771e-24 0 0 0 0.002499999999997192 -5.88588964893499e-13 8.673617365507816e-21 
0.09999999999998642 -1.847913315422544e-10 0 2.360789850645315e-14 2.931748680184756e-14 -5.746940046956459e-25 -2.93873587705572e-39 -1.751520683742847e-27 7.916919554488503e-24 0 0 0 0.002499999999999534 -4.569294161788057e-12 0 
0.09999999999987856 -7.866970963554852e-13 0 -1.105294305155565e-14 2.393164679862223e-13 -7.104628955627461e-23 0 2.664590183911646e-25 -1.360831084849786e-23 0 0 0 0.002499999999995753 -3.501973017128194e-15 8.673617379884046e-21 
0.09999999999994595 2.362823478541108e-11 0 3.217891693848563e-15 1.068713788047022e-13 5.256386293510487e-23 1.175494350822288e-37 5.69906326952652e-23 -3.439655679274407e-24 0 0 0 0.002499999999998112 5.66536292705144e-13 0 
0.1000000000000602 9.163403542900037e-11 1.665334536937733e-18 -1.652076091670305e-14 -1.182306579666408e-13 -8.227479589503793e-24 7.228014483236172e-24 -5.729770188182908e-23 7.883196394625757e-24 0 0 0 0.002500000000002116 2.2830018040973e-12 8.673617379884027e-21 
0.1000000000000207 -7.959245242050723e-11 1.110223023675229e-18 2.115723522303913e-14 -4.094783505530857e-14 1.799615491554337e-23 -2.168404344970959e-23 -8.560996807731513e-23 1.776723241939919e-24 0 0 0 0.002500000000000722 -1.985820633366305e-12 -2.370056574184408e-29 
0.09999999999997261 5.658650631401583e-11 6.910600641220882e-28 -1.561359467642566e-14 5.252244362075721e-14 -1.103561884021566e-22 8.140298379444339e-37 1.144757720461754e-22 -7.594626250554144e-24 0 0 0 0.00249999999999905 1.409216168236915e-12 1.720998660315725e-29 
0.1000000000000229 -3.359270327185642e-11 -2.498001805406604e-18 9.809148169652224e-15 -4.417650929155896e-14 5.650090910468932e-23 -2.168404344971038e-23 1.729030960800392e-22 4.97772270869138e-23 0 0 0 0.002500000000000799 -8.454364595553167e-13 8.673617379884042e-21 
0.09999999999998299 1.719058922988736e-11 5.55111512417548e-19 -5.206610143026943e-15 3.237989073979552e-14 8.110003952361095e-23 -3.61400724161842e-24 1.501352954703965e-24 5.101620339407088e-23 0 0 0 0.002499999999999412 4.482891380157282e-13 8.673617382621393e-21 
0.1000000000000105 -5.301531783019616e-12 2.775557561886614e-19 2.021137192794378e-15 -2.067794553324756e-14 9.647637545698543e-25 -1.175494350822288e-37 1.138456752306118e-22 5.082251710958449e-23 0 0 0 0.002500000000000376 -1.407877178553895e-13 8.5968171271116e-31 
0.1000000000000012 -6.808789643208967e-14 0 -9.575118475879652e-16 -3.128820482803098e-15 -5.920478402052413e-26 0 -1.422509396078304e-23 4.775081849808949e-23 0 0 0 0.002500000000000052 -3.06287113727155e-16 8.673617379884046e-21 
0.1000000000000012 -8.707227647231088e-12 -5.551115123391626e-19 9.901248802327971e-16 -2.334868007361635e-15 -1.757504159271132e-23 1.084202172485514e-23 -1.285488272358742e-22 1.748129380256166e-23 0 0 0 0.002500000000000044 -2.053885490502228e-13 -6.270745144122544e-31 
0.09999999999999454 -1.693133480640263e-12 -2.775557561600487e-19 -2.128709245911415e-16 1.073152170879922e-14 1.179717804679633e-22 -4.408103815583578e-39 -6.412913696111647e-25 4.792978651960381e-24 0 0 0 0.002499999999999808 -5.148334016047417e-14 -1.143159792615349e-31 
0.0999999999999987 8.202639956156333e-13 0 -2.815479331156699e-16 2.400610637883934e-15 -9.015205160304497e-23 -1.469367938527859e-39 1.408280664662521e-23 3.387070288353789e-24 0 0 0 0.00249999999999996 2.561969733583247e-14 0 
0.100000000000004 -3.50414142147315e-14 0 -3.541431037312745e-16 -8.310007873245124e-15 1.700924227947196e-23 2.938735877055718e-39 1.799967775899502e-25 5.721669652070903e-24 0 0 0 0.002500000000000148 -1.057097118173367e-16 0 
0.0999999999999981 -6.618577214068114e-12 0 1.060698519757723e-15 3.569515725211096e-15 -2.706469419004184e-23 0 -6.773968735122739e-25 -2.971898523230775e-24 0 0 0 0.002499999999999937 -1.539106299006111e-13 0 
0.09999999999999615 2.856135467022016e-12 8.720105231575011e-30 -8.477915129182834e-16 7.070844792348928e-15 -1.847049767177039e-23 -7.052966104933724e-38 -5.646010892131569e-23 4.002542444771573e-23 0 0 0 0.002499999999999873 7.681436866788243e-14 2.345229719721029e-31 
0.1000000000000082 -4.709774237277026e-14 5.551115123125784e-19 -5.660007185159798e-16 -1.664865048045368e-14 -1.561685451530238e-25 2.350988701644574e-38 -6.75689997777701e-25 4.513610656675395e-23 0 0 0 0.002500000000000297 -1.924458856161768e-16 0 
0.09999999999999996 -1.159454476873375e-11 0 1.551575534719517e-15 2.256385224647225e-16 -4.662956810761406e-29 -1.175494350822288e-38 2.039482870993849e-25 3.816374789980625e-23 0 0 0 0.002500000000000003 -2.823235352097933e-13 -8.673617379884046e-21 
0.09999999999997322 1.094610513341368e-13 0 1.54884438607894e-15 5.313645259810238e-14 6.426401721841415e-26 -2.350988701644576e-38 1.398285379018396e-23 3.273539264197809e-23 0 0 0 0.00249999999999907 5.610746242612502e-16 0 
0.0999999999999459 3.439280110706379e-11 -5.551115123125781e-19 1.646640462871788e-15 1.054504244638118e-13 -1.95276269309092e-25 -3.820356640172435e-38 -1.370108620776089e-23 5.991278675810397e-24 0 0 0 0.002499999999998105 8.490604053168486e-13 -8.673617379884033e-21 
0.1000000000000807 9.156833277734785e-11 0 -1.73409675507963e-14 -1.577576174009609e-13 2.923830272578815e-25 7.87581215050933e-37 5.689968375195991e-23 5.835989232234581e-24 0 0 0 0.002500000000002833 2.28270364849987e-12 -8.67361737988404e-21 
0.09999999999998653 -1.025034657847761e-10 -1.251818785999488e-27 2.830231072651673e-14 2.58245577697694e-14 -1.005287021353711e-23 -9.550891600431083e-39 1.064414666299128e-24 1.015247575569383e-24 0 0 0 0.00249999999999953 -2.562029364702746e-12 -3.128866389504622e-29 
0.09999999999995228 1.136323674044702e-10 0 -2.433221332753646e-14 9.142118171609212e-14 -3.570754401240414e-23 -7.228014483235218e-24 2.784227082353023e-23 -3.819274371443294e-24 0 0 0 0.002499999999998339 2.846120149453676e-12 0 
0.1000000000001414 -2.326177445111098e-11 2.775557561562894e-19 2.347841134473005e-15 -2.774070132279326e-13 1.804787318830675e-23 3.614007241618259e-24 2.966626170135336e-23 1.019756907296391e-23 0 0 0 0.002500000000004956 -5.650699092668573e-13 8.673617379884045e-21 
0.1000000000000128 -1.26207030937131e-10 5.551115138538753e-19 1.259224738370311e-14 -2.889479079208394e-14 1.009029463988694e-22 -1.360634711076797e-36 2.808317596156019e-23 -9.179834114003659e-24 0 0 0 0.002500000000000457 -3.132775072342552e-12 3.825886917915082e-29 
0.1000000000000745 -4.781327243852405e-11 2.775557572975824e-19 -1.972816077166936e-14 -1.459060171094417e-13 -1.469583179083842e-22 -2.350988701644576e-38 5.088989864382805e-25 -1.365253339863852e-23 0 0 0 0.002500000000002606 -1.137763115059009e-12 -8.673617352725872e-21 
0.09999999999997319 -2.527783971723053e-10 2.775557621900569e-19 3.146640841407674e-14 5.372086799023287e-14 7.316029192727576e-23 -2.350988701644573e-38 1.034818168518554e-26 5.382328383573944e-24 0 0 0 0.002499999999999064 -6.276412495200727e-12 1.498166797806624e-28 
0.09999999999982434 -9.91567938868347e-13 -2.775557561562895e-19 -1.415917845933496e-14 3.481834071000825e-13 -4.390464583062536e-23 -8.816207631167158e-39 6.99337102871809e-25 -5.580193952102912e-24 0 0 0 0.002499999999993857 -4.363913744254173e-15 0 
0.09999999999978516 4.815939314006786e-11 1.665334536937737e-18 1.872942935003512e-14 4.23934003598581e-13 2.348770471188153e-22 -2.891205793294609e-23 -5.855400152654644e-23 -1.321046292976862e-23 0 0 0 0.002499999999992481 1.162972170822001e-12 0 
0.1000000000000271 3.670566454949686e-10 -5.55111512312578e-19 -4.687128162447143e-14 -5.366060875506169e-14 -2.989747403991013e-22 3.614007241623306e-24 8.655356692092849e-23 -8.758084326829539e-24 0 0 0 0.00250000000000096 9.086809538323717e-12 0 
0.1000000000002146 1.782775316261372e-12 -5.55111512312579e-19 2.510662256797561e-14 -4.25599320557579e-13 3.408850917770248e-23 -1.445602896647339e-23 5.755543558387057e-23 -1.227142139409485e-24 0 0 0 0.002500000000007514 7.863176255951154e-15 0 
0.1000000000002551 -2.125469938940592e-12 -5.55111512312579e-19 -2.981201281208415e-14 -5.04216170590266e-13 4.462408173815051e-25 5.877471754111439e-39 1.126562936768611e-24 -6.768606753044892e-24 0 0 0 0.00250000000000893 -9.540979117872478e-15 8.673617379884046e-21 
0.1000000000000137 -4.356461805882208e-10 1.051970114106934e-26 5.784937899082045e-14 -2.223384481405521e-14 1.829796825435239e-23 1.084202172484927e-23 4.206325287131838e-23 2.939451600865324e-25 0 0 0 0.00250000000000048 -1.079283824855291e-11 2.606184511600162e-28 
0.09999999999942265 -2.218559537470169e-11 5.357233539002499e-28 1.093479450504983e-14 1.134557824583447e-12 1.03624634976941e-25 0 4.902574557487174e-25 -1.353678879147405e-23 0 0 0 0.002499999999979787 -5.61776645167928e-13 1.356541771402606e-29 
0.09999999999998675 5.505306280295678e-10 0 -7.658733092163786e-14 2.836254994498336e-14 1.711765055457177e-27 -1.760302790356376e-36 -1.413203642755511e-23 9.168775219952606e-24 0 0 0 0.002499999999999543 1.362784397048598e-11 8.673617379884031e-21 
0.1000000000004029 2.006554644662381e-12 5.55111512312579e-19 2.823983107543468e-14 -7.954031824998202e-13 4.742717590255217e-25 0 2.540732612604058e-25 8.02067332770951e-24 0 0 0 0.002500000000014104 8.679038390746499e-15 -8.673617379884046e-21 
0.1000000000003093 -1.400163839038175e-10 -2.775557561562895e-19 -1.736192000351681e-14 -6.12086514059106e-13 7.258572176231677e-23 -1.128474576789396e-36 4.254013963587584e-23 8.630568449438388e-24 0 0 0 0.002500000000010827 -3.425008215408846e-12 0 
0.09999999999991907 -5.285444391184255e-10 2.775557435400408e-19 6.269060710364545e-14 1.592632771330165e-13 -7.258666787548231e-23 -1.028557556969501e-38 4.108276481756612e-25 3.412686155046454e-24 0 0 0 0.00249999999999717 -1.309260588399496e-11 -3.125178188522102e-28 
0.09999999999963631 -2.137439530924832e-12 0 -2.980265663884055e-14 7.155643080275077e-13 -4.736977207220104e-25 -5.877471754111439e-39 -7.972059609465584e-26 -3.301597334958099e-24 0 0 0 0.002499999999987273 -9.535558107010051e-15 8.673617379884046e-21 
0.09999999999997312 9.209777038221607e-11 8.844544139365528e-27 -9.363749821817937e-15 5.587538782393589e-14 -4.34126373424201e-25 -1.557530014839531e-37 -1.419371613752156e-23 6.161979047397272e-24 0 0 0 0.002499999999999064 2.284836816274237e-12 2.194226851412148e-28 
0.1000000000001342 4.567539922672978e-11 2.180524834859846e-27 -9.31877630616833e-15 -2.743016012394765e-13 -9.147524690089345e-23 3.614007241618403e-24 4.308942025153271e-23 -7.930757630391962e-24 0 0 0 0.002500000000004698 1.140540027873276e-12 -8.673617325435133e-21 
0.1000000000007547 -1.437189776909451e-10 5.551115054514938e-19 -6.281479086874988e-14 -1.481869974409185e-12 7.322772371565503e-23 1.763241526233432e-38 9.927295019527143e-26 -9.258662336519926e-24 0 0 0 0.002500000000026416 -3.453228642705994e-12 -1.648557197823729e-28 
0.09999999999989075 -1.239599785665662e-09 5.952204366059753e-26 1.631106782047694e-13 2.11277355713238e-13 1.775236959819873e-25 2.938735877055714e-39 3.639083396714368e-26 -6.834456445020765e-24 0 0 0 0.002499999999996191 -3.074978422931653e-11 -8.673615903367098e-21 
0.09999999999932639 3.944401229249973e-11 1.883040977121431e-27 -9.741465018900363e-14 1.323339355691927e-12 1.687638903237842e-26 4.995850990994723e-38 1.341832772083807e-23 9.595580017599756e-24 0 0 0 0.002499999999976426 1.112876609442309e-12 8.673617433012319e-21 
0.1000000000000286 -9.175212672962516e-11 8.326672684688776e-19 1.585964438481239e-14 -4.369102940363864e-14 8.939063869776088e-24 -1.445602896647163e-23 -7.032408284946667e-23 -3.431297685755426e-24 0 0 0 0.002500000000001001 -2.284176808201673e-12 0 
0.09999999999990902 -3.278627369596179e-14 0 -2.004787770977974e-15 1.541306092354965e-13 -4.66027631820345e-23 5.877471754111439e-39 -7.532313997176724e-25 -1.37541676671886e-23 0 0 0 0.00249999999999682 6.125742274543125e-15 0 
0.1000000000111561 1.979795234002812e-10 -1.110223034076619e-18 -1.328733996904448e-12 -1.798807818794629e-11 -1.178924764492736e-22 1.807003620809188e-23 1.007949151353032e-22 -2.84429279183594e-24 0 0 0 0.002500000000390469 8.271793081222842e-12 -8.673617774776055e-21 
0.1000000033441401 -5.167676755263314e-08 0 -3.96472855236321e-10 5.22643931258151e-09 9.920273688771876e-23 -2.938735877055723e-38 1.905327008226639e-25 1.266470354255365e-23 0 0 0 0.002500000117044236 -7.462724828290896e-10 0 
0.09999729625824898 -4.631368242017359e-05 2.570925828902707e-23 3.171262914166448e-07 5.159637092367312e-06 -1.133450342187111e-23 5.877471754111439e-39 -7.74764849866391e-25 1.58639251936023e-23 0 0 0 0.002499905739094633 -1.302483315938826e-06 8.674340403367319e-21 
0.1003414722188278 0.0003476390145884884 0 -0.0001543496844014583 -0.0006129334342443752 0 1.445602896647343e-23 -5.790039945125595e-23 -1.44495087213611e-23 0 0 0 0.002575508635535421 0.000898818147591585 0 
0.1043077297895609 0.0003553269070200053 0 -0.01207648325748008 -0.0006141160092601833 0 -2.855065720878493e-22 -3.226753626844322e-21 7.776874862578952e-23 0 0 0 0.03505407170877658 0.0008989426939117822 0 
0.1151800208336456 0.0002192018997025114 -5.445252219826072e-19 -0.1417002409037268 -0.0006141203904202389 5.254527513284481e-19 3.382710778153655e-21 8.590640337559476e-20 3.127690133365053e-21 0 0 0 1.128115032807051 0.0008989427106437887 4.341416994014231e-20 
0.1072493219977444 -0.0006564349163752328 5.55111512312579e-19 -0.3856788178087148 -0.0006141257169609723 0 -2.220446049250314e-20 -7.855895761088127e-19 2.069021435211174e-20 0 0 0 7.047516694532492 0.0008989427120020858 -3.552713678800505e-17 
0.08087223887101568 -0.0006259669847278093 8.326672684688613e-19 -0.1764513723923036 -0.0006140700484319794 0 -2.368475785869877e-19 4.955931358588867e-19 -4.261088244284917e-20 0 0 0 19.48725670970087 0.0008989426839245382 -7.10542735760095e-17 
0.0940363826616685 -0.0005514315423995787 1.414410002558578e-18 -0.06102611914997023 -0.0006139070065559498 3.072042118303743e-19 2.960594732334379e-20 -7.617979525454818e-20 -9.025294839295973e-20 0 0 0 22.9985049393737 0.0008989426971250887 -7.109768774529737e-17 
0.09843921424274564 -0.0002624450480573544 1.110223024625158e-18 -0.0178970236917636 -0.0006124165399915181 3.469446951953618e-19 2.960594732333753e-20 -6.644886705737158e-19 -5.625757766746254e-20 0 0 0 24.45914833097503 0.000898942865013023 0 
0.0996525035215018 0.0002228623536826239 8.326672684688776e-19 -0.004114331801053897 -0.0005630117998474683 3.469446951953656e-19 -1.395095503465504e-32 4.553496445240964e-19 2.858084786490673e-20 0 0 0 24.87849641317642 0.0008989496008249067 0 
0.09993193967397283 0.0008702480540503615 0 -0.0007444010952771196 0.0006762549602568323 5.572799166575499e-19 -1.023150282955719e-34 6.75499685221579e-22 -1.194430739159231e-20 0 0 0 24.9761755928525 0.0008997832831703289 -7.105427357601009e-17 
0.09999186536990737 0.0001129585670765246 -5.551115123125774e-19 -7.73143030106807e-05 0.0008056822758316536 7.082720098350997e-19 2.960594732319023e-20 -2.364749819578324e-19 -2.406831302854376e-19 0 0 0 24.99715287902136 0.0001148701024522582 0 
0.1000000182384923 5.263449783660135e-07 2.775557561562895e-18 2.207459642875162e-07 3.567344576554219e-06 -8.936748164948596e-19 2.960594732333753e-20 -2.275586854487918e-19 1.183466663432547e-19 0 0 0 25.00000638276696 0.0001028795302948642 0 
0.09999999148227266 4.739443555494523e-08 -2.77553493565365e-19 -1.006163986479171e-07 5.624976302649892e-07 4.364685204129373e-19 -9.629649721936181e-35 -6.24704126906617e-21 -3.51852127688862e-20 0 0 0 24.99999701879598 1.670765775729768e-05 7.976167321774873e-22 
0.1000000016831664 -1.647161478393586e-08 5.551115123125789e-19 1.970777814032403e-08 -2.005860417250106e-07 -5.980880408613379e-19 -1.444447458290427e-34 -7.246055098856319e-22 1.141680656121545e-19 0 0 0 25.00000058910825 -5.780054612713938e-06 7.105427357601009e-17 
0.09999999980196392 3.584260882885913e-09 1.731008096922707e-25 -3.344310736488538e-09 3.111876880076628e-08 -6.063471647692018e-19 2.960594732330473e-20 6.936120153167977e-22 3.249774214702091e-19 0 0 0 24.99999993068767 1.021597251238476e-06 -7.105422423827159e-17 
