0.09496300084555406 -0.002580067518002862 0 0.06526281118941765 0.3521353655547258 1.0547118733939e-17 -1.65793305010674e-18 2.578602103728234e-18 -8.157303270857923e-19 0 0 0 232.5832486723607 -8.718823524162859 0 
0.09318094008265403 -0.007089187518620612 -4.902970728748501e-19 0.1975307837940904 0.3780628678447679 -2.047887942696328e-17 4.736951571733915e-18 1.26192846546211e-17 2.84334803749538e-19 0 0 0 226.6956559034607 -23.68715409225551 -1.129772716475948e-15 
0.08974687852895734 -0.01206816520338971 0 0.3466106438402446 0.433624973360511 -8.881784197001262e-18 4.736951571736223e-19 -8.18803162944708e-18 4.712060831296457e-18 0 0 0 215.5189261085881 -37.96792755018944 1.136868377216162e-15 
0.08485773086536481 -0.01699356209558126 0 0.5134922695228578 0.4842120369396499 -1.110223024625155e-17 1.306550874272303e-30 -2.948924884405474e-18 6.805977104965437e-18 0 0 0 199.9107380984093 -48.98687974158882 0 
0.07863331662476523 -0.02025005798172246 2.775557561562894e-19 0.6936992075800852 0.5098006554536632 8.881784197001262e-18 -4.736951571735822e-19 -5.97381050330585e-18 6.648100481939619e-18 0 0 0 181.1013224260199 -56.39593286366659 -5.684341886080808e-16 
0.07204337295808634 -0.01700654323687465 2.775557561562925e-19 0.8524940687394098 0.3991534146769644 -2.22044604925034e-17 9.473903143467731e-19 8.970648938344593e-18 7.746986326927021e-18 0 0 0 163.0382180148233 -46.71035746374965 0 
0.06672162999121983 -0.01501742218375208 0 0.9618325234083299 0.3049061320256995 1.332267629550189e-17 1.894780628693509e-18 -8.337209295851469e-18 7.723727829687854e-18 0 0 0 149.7628589003868 -37.00258469438904 5.684341886080808e-16 
0.06338997014578228 -0.007941188792531827 -4.535581709332125e-19 1.056967830608027 0.1705419036773658 2.294464412008568e-17 9.473903143468055e-18 3.053460239197249e-17 9.168698185429636e-18 0 0 0 139.8369720122373 -28.68355324118397 -2.041264058482252e-15 
0.06158861523260158 -0.003430909965281304 1.499639764046826e-18 1.10970161349202 0.1813406927093103 2.65213630311121e-17 1.811883976191834e-17 2.398787273496458e-17 9.791452958505646e-18 0 0 0 133.5241350216045 -10.15707078875715 7.79014860275579e-17 
0.05924691084031628 -0.00265600875965349 7.058704990902116e-19 1.154684716224916 0.4521414715081107 3.821480104414258e-18 2.557953848736192e-17 2.501123554261885e-18 8.016151499732315e-18 0 0 0 126.1411364613837 -4.187972941156795 -7.683662999965956e-16 
0.0575374309893868 0.001438672736216217 8.326672684688683e-19 1.199207037251456 0.6372417310078098 -1.776356839400252e-17 1.545430450278013e-17 -6.377415166146858e-17 7.086495417895049e-18 0 0 0 122.2944788261289 -1.594099132638925 -5.684341886080808e-16 
0.05972429278396674 0.001571525557181196 1.110223024625158e-18 1.23067823770697 1.383209480603483 0 1.31485895666733e-18 -8.794201651347128e-18 6.27604091724261e-18 0 0 0 120.2585981280279 -1.566411169668142 0 
0.07673903899295369 0.001618445592153122 8.326672684688683e-19 1.60850213788484 2.717783329386088 0 8.926597887058217e-21 2.408618440552425e-18 5.350629858350802e-18 0 0 0 124.8391128492151 -1.480112072531692 5.684341886080808e-16 
0.1189201901551209 0.00162422147978563 -5.551115123125789e-19 2.433016241001 3.92619475856047 0 -8.233922802838677e-18 -3.079704932557968e-17 1.190648710403622e-17 0 0 0 131.5966365502205 -1.420512916429579 -5.684341886080808e-16 
0.1846830048443465 0.001629199282041258 0 3.504083540109048 2.988413448087297 0 -1.529727227415374e-17 2.618940798487569e-17 2.071707038741019e-17 0 0 0 130.2523379386384 -1.426759636887011 5.684341886080792e-16 
0.2314261271496171 0.001494818671168511 0 3.377885331629006 -1.082108644222484 -1.776356839400252e-17 -1.748536211655492e-18 5.209443360231154e-17 1.019955951740746e-17 0 0 0 81.60994379824325 -1.427198645857303 1.136868377216162e-15 
0.1794332040982312 0.001494530530188672 0 1.278151646669098 -3.516433991500194 8.88178419700136e-18 3.853109960724025e-18 -3.065518203816024e-17 2.629270420815929e-18 0 0 0 18.87920607879234 -1.441351039540012 1.136868377216174e-15 
0.1233557932923737 0.001490946737603914 0 0.2201805934116694 -0.09067173522992902 -1.110223024625158e-18 -9.32558428627121e-20 1.622146707282362e-18 2.060286309378638e-19 0 0 0 2.141357598278801 -0.3001364646864266 1.776356839400252e-17 
0.1035964821779366 0.0005550025156963341 0 0.0110403237943813 -0.00156874555152738 3.469446951953618e-20 3.006854025026755e-21 -4.683274081556492e-20 3.039153648220811e-21 0 0 0 0.03757039498669843 -0.0007960111211036723 0 
0.1002133894726144 -0.0003543941733761653 -1.110223024625148e-18 9.519823805830093e-05 -0.000816293640417587 0 -1.445602896648622e-23 -2.034904973367544e-24 2.793912513081056e-23 0 0 0 0.002546264267334388 -0.0007410444200677577 8.673617379883971e-21 
0.09999867957962609 2.259672341538471e-05 -2.220446049250316e-18 -1.550506323299913e-07 2.444180138949061e-06 1.956116712565402e-22 3.614007241618357e-24 1.054476383326799e-22 -1.1138434918727e-24 0 0 0 0.002499953938518936 5.774375118415144e-07 0 
0.1000000003464863 3.157057536402868e-08 -1.524691515636666e-24 4.118449393210966e-11 2.892050159938878e-09 -1.335297823039389e-22 3.614007241612824e-24 -1.222969201884356e-22 3.391018070664236e-24 0 0 0 0.002500000012126858 4.450594542427012e-10 -8.67363887389757e-21 
0.1000000000020815 3.321995456495599e-11 -5.55111512312579e-19 2.296956486125268e-13 9.850674979793556e-13 7.358017420826129e-23 0 -5.877843345825262e-24 -3.072808830702277e-23 0 0 0 0.002500000000072876 -4.200443161697671e-13 -8.673617379884046e-21 
0.100000000000869 -4.900741271130005e-11 8.326672661020699e-19 -8.245150904618279e-14 -1.522527734382899e-12 -3.646532816065786e-23 -1.445602896646956e-23 -2.089232557683688e-22 -2.141119273023238e-23 0 0 0 0.002500000000030434 -1.065467158944969e-12 -5.145641847515561e-29 
0.09999999999816357 -4.934925731947549e-10 0 3.877675504758956e-13 3.349708764064725e-12 -4.740090241678716e-24 3.585257770007979e-37 -4.03995116027198e-24 -9.429449615875921e-24 0 0 0 0.002499999999935748 -1.229781250791654e-11 0 
0.09999999999892359 1.030999894832681e-09 -5.551115374946534e-19 -4.736211390659434e-13 1.987380499467366e-12 8.941612321401861e-24 -3.614007241620663e-24 -1.793130049170626e-23 -5.933134786829679e-24 0 0 0 0.002499999999962344 2.527367014672549e-11 -6.173070313008731e-28 
0.1000000000010125 1.471302246702769e-10 -5.55111512312579e-19 2.380992213574971e-13 -1.8065786104204e-12 -6.907549444952343e-23 -5.059610138266696e-23 -1.970936129660246e-22 1.750590405147192e-23 0 0 0 0.00250000000003544 3.187885068769974e-12 0 
0.1000000000000635 4.469275210333712e-10 1.066806832008266e-26 -1.306080144499745e-13 -2.017623859306293e-13 -1.161696191036596e-22 3.252606517454648e-23 -9.600371706830743e-23 -4.466472331883423e-24 0 0 0 0.002500000000002214 1.084317097915793e-11 8.673617638708279e-21 
0.1000000000013662 8.588802412334805e-11 1.665334536937755e-18 -1.652668187497174e-14 -2.493971362841685e-12 8.443215275623378e-23 1.807003620810123e-23 1.353186786081965e-22 9.71932546606177e-24 0 0 0 0.002500000000047813 2.077496703313522e-12 0 
0.1000000000001418 -3.580327440771997e-10 -8.844290361984185e-27 1.545574127015875e-13 -2.835098977260861e-13 -5.679911551723441e-23 1.445602896645173e-23 1.296805697790782e-22 -1.627231916352168e-23 0 0 0 0.002500000000004982 -8.757792126050447e-12 -2.163390298066918e-28 
0.09999999999931651 -4.262562525170228e-12 -2.775557561562895e-19 -6.16095369165848e-14 1.258800589797672e-12 3.888174737670309e-23 1.763241526233432e-38 2.758834935011845e-26 -1.107703242516584e-23 0 0 0 0.00249999999997609 -1.785409927540512e-14 8.673617379884046e-21 
0.09999999999942684 4.73184859350881e-11 0 4.913819767751128e-14 1.064758670855534e-12 -1.410397500760941e-22 1.084202172485249e-23 -8.169971115415261e-23 -1.926120372711492e-23 0 0 0 0.002499999999979953 1.067554248126984e-12 -8.673617379884046e-21 
0.1000000000000732 3.386320304027413e-10 4.996003610813189e-18 -1.219252062738018e-13 -1.319243423339151e-13 4.870266679863082e-24 2.168404344970713e-23 1.068840908453998e-23 3.252124551123255e-24 0 0 0 0.00250000000000256 8.244381739797026e-12 0 
0.100000000000536 4.927308561164543e-12 -5.55111512312579e-19 6.97698931036623e-14 -9.972661271525904e-13 -2.088838546144552e-22 1.44560289664734e-23 -5.47426521733296e-23 9.980000819728616e-24 0 0 0 0.00250000000001877 2.162170182479226e-14 8.673617379884046e-21 
0.100000000000501 1.732411956945067e-11 4.23140001401995e-28 -6.580682087217757e-14 -9.34766433817353e-13 8.322041281606868e-23 -7.228014483236813e-24 1.122332887582901e-22 1.020048093879442e-23 0 0 0 0.002500000000017542 5.062438098932251e-13 8.673617392249002e-21 
0.1000000000000716 -2.961366395159989e-10 -2.775557559919001e-19 1.141829614655749e-13 -1.417304610195448e-13 -1.066999612952606e-22 1.282758210334822e-35 -5.415137190803982e-23 3.550229023548267e-24 0 0 0 0.002500000000002524 -7.218103068376578e-12 4.006852110314582e-30 
0.09999999999978514 -2.787865424624945e-11 -6.809335244745013e-28 -8.190889170626924e-14 3.890283127953683e-13 1.459814576760141e-22 4.114230227878007e-38 -1.871008913545832e-24 -1.157821165279127e-23 0 0 0 0.00249999999999249 -5.532222900270219e-13 -1.351240273072484e-29 
0.09999999999996485 -1.705819513420071e-10 0 6.155421889789399e-14 8.279979744665815e-14 1.555199768489092e-24 0 -1.230982623854473e-26 1.087705367790462e-23 0 0 0 0.00249999999999879 -4.146945916001762e-12 0 
0.09999999999967575 -2.053478914687554e-12 0 -2.88633147475329e-14 5.966650613941353e-13 -5.022612570730216e-23 2.938735877055719e-38 9.951912885644255e-25 -8.777015418536675e-24 0 0 0 0.002499999999988658 -9.150666335777695e-15 8.673617379884046e-21 
0.09999999999985569 2.246935276728478e-11 0 8.54606593825573e-15 2.679734127828009e-13 5.134329562758225e-23 5.289724578700295e-37 -1.417036627410767e-25 -3.279488695218409e-23 0 0 0 0.002499999999994964 5.164624153689009e-13 8.673617379884045e-21 
0.1000000000001612 8.397523128256274e-11 2.775557561562889e-18 -4.303488560879938e-14 -2.9138749596813e-13 5.074609810969851e-22 -3.614007241617994e-23 1.97794866789131e-22 -1.782058678140602e-24 0 0 0 0.002500000000005665 2.068839348966238e-12 0 
0.1000000000000549 -7.210412822367125e-11 2.220446048389759e-18 5.512926527322001e-14 -1.031619346537146e-13 -3.565423786328761e-22 -2.529805069132553e-23 -1.940839575827489e-22 4.784953480046059e-24 0 0 0 0.002500000000001923 -1.795640730290622e-12 -8.673617401314829e-21 
0.0999999999999267 5.12334532437597e-11 -2.220446048624625e-18 -4.073740858534178e-14 1.280031388936804e-13 -9.636497129128022e-23 1.445602896647673e-23 3.745579713204068e-23 -1.129082146787313e-23 0 0 0 0.002499999999997453 1.274406470110067e-12 1.556362946432213e-29 
0.1000000000000614 -3.036490330010637e-11 -1.942890293094025e-18 2.560026265049162e-14 -1.073297131736359e-13 1.47741784594494e-22 -2.891205793294821e-23 -1.018422314164961e-22 1.390686158118711e-22 0 0 0 0.002500000000002144 -7.644384257543558e-13 8.673617379884042e-21 
0.09999999999995451 1.551510656061516e-11 5.551115124073171e-19 -1.359260227521725e-14 7.860157273750631e-14 3.793536158919688e-23 -1.084202172485521e-23 -7.800007467678364e-24 1.352433901677037e-22 0 0 0 0.002499999999998423 4.052896798549531e-13 -8.673617377409246e-21 
0.1000000000000283 -4.75531072852142e-12 2.77555756185326e-19 5.286767782812171e-15 -5.049841237705368e-14 -9.933427892527552e-23 1.445602896647279e-23 1.352619239950567e-22 1.246658302291205e-22 0 0 0 0.002500000000001004 -1.271836910961276e-13 7.76612442164539e-31 
0.1000000000000032 -1.758142242902494e-13 2.775557561562895e-19 -2.50519952005312e-15 -8.349081874489046e-15 8.206240402621281e-23 2.350988701644575e-37 -1.354766094102813e-23 1.303711365680522e-22 0 0 0 0.002500000000000137 -7.670730370334942e-16 8.673617379884046e-21 
0.1000000000000032 -8.047252100795711e-12 2.7755575613172e-19 2.577065875512377e-15 -5.588314584297387e-15 1.338854623294147e-23 1.084202172485611e-23 -1.222779318820116e-22 7.980474969990259e-23 0 0 0 0.002500000000000117 -1.864394055806074e-13 -5.692206321258002e-31 
0.09999999999998549 -1.622573603254906e-12 -3.602837146965203e-30 -5.574045854513735e-16 2.660365562391683e-14 9.210981417423736e-23 -2.938735877055719e-38 -3.309973499540633e-24 2.072066247792251e-23 0 0 0 0.002499999999999487 -4.695679609034719e-14 -8.673617379988304e-21 
0.09999999999999652 7.390789369399188e-13 5.551115123125785e-19 -7.26855150142329e-16 6.01328263895309e-15 -8.305171317942041e-23 -1.445602896647346e-23 1.291385721236535e-23 7.935189410283847e-24 0 0 0 0.002499999999999891 2.31422953717031e-14 -8.673617379884039e-21 
0.1000000000000109 -9.063930161978816e-14 0 -9.241387747641962e-16 -2.044778063330993e-14 1.430452916342665e-23 1.175494350822287e-38 6.873764437286285e-25 1.253538763791477e-23 0 0 0 0.002500000000000397 -2.818925648462311e-16 8.673617379884039e-21 
0.09999999999999493 -6.090006970937981e-12 0 2.760927135062944e-15 8.815142813018587e-15 8.287948553101659e-23 -5.877471754111439e-39 -2.196518183820762e-24 -2.801430324561355e-24 0 0 0 0.002499999999999831 -1.394582149413793e-13 -8.673617379884037e-21 
0.09999999999998974 2.557763029154005e-12 -2.775557561555083e-18 -2.203095345043568e-15 1.71895352203682e-14 -1.361792114896578e-22 5.059610138265646e-23 -1.834388938691719e-22 1.170801932567042e-22 0 0 0 0.002499999999999657 6.93631892374758e-14 -8.673617379672265e-21 
0.1000000000000222 -1.258541881821172e-13 5.551115123125784e-19 -1.475123495575657e-15 -4.108321925686343e-14 1.698547384912169e-23 9.403954806578298e-38 -2.193002417797868e-24 1.255368698560932e-22 0 0 0 0.002500000000000796 -5.14996031930614e-16 8.673617379884037e-21 
0.09999999999999985 -1.067991181602498e-11 0 4.016830849421869e-15 1.482672111631256e-15 2.721746827855263e-25 4.701977403289151e-38 4.829566169950346e-25 1.101778082304363e-22 0 0 0 0.002500000000000009 -2.559720014075332e-13 8.673617379884046e-21 
0.09999999999992863 3.0747973611689e-13 -2.77555756156289e-19 4.000498774840251e-15 1.344409985330077e-13 1.726981633271701e-23 1.88079096131566e-37 1.212786863862875e-23 1.010034307774805e-22 0 0 0 0.002499999999997517 1.721170948820743e-15 0 
0.09999999999985505 3.242232871070174e-11 -2.220446049250312e-18 4.381452608137953e-15 2.586775695513841e-13 3.220322129193192e-23 7.228014483235749e-24 1.224465450706033e-22 1.985625613501649e-23 0 0 0 0.002499999999994926 7.735186189489211e-13 -8.673617379884033e-21 
0.100000000000216 8.381594029938127e-11 -5.551115123125786e-19 -4.520664629675558e-14 -3.876929492703394e-13 8.546127898373203e-23 -1.084202172484802e-23 2.08163986317414e-22 6.328610325585e-24 0 0 0 0.002500000000007584 2.068243037771374e-12 -8.67361737988404e-21 
0.09999999999996352 -9.274603654518863e-11 -1.13265663736714e-27 7.374163293882555e-14 6.234985842101789e-14 -8.872015955698319e-23 -1.689773129307038e-37 4.925110677742419e-24 -2.380022736786052e-24 0 0 0 0.002499999999998736 -2.316045575809233e-12 8.673617351599428e-21 
0.09999999999987173 1.03614426066878e-10 0 -6.335699210638142e-14 2.201656875664403e-13 -1.730404992988661e-23 -7.228014483233529e-24 2.548740493779641e-23 -3.108418077601284e-24 0 0 0 0.002499999999995528 2.576712172623615e-12 0 
0.1000000000003781 -2.160077672286319e-11 2.775557561562894e-19 6.180634476445085e-15 -6.859749259797794e-13 -1.378809712775205e-24 -1.084202172485469e-23 -1.126499041524664e-22 1.127046851977237e-23 0 0 0 0.00250000000001325 -5.137220943779438e-13 -8.673617379884045e-21 
0.1000000000000329 -1.169146810614529e-10 -5.551115108847627e-19 3.279632375859989e-14 -8.244338411547931e-14 -4.925522600032077e-23 -2.168404344971012e-23 -4.374360083801646e-23 -1.888552280172642e-23 0 0 0 0.00250000000000118 -2.844840790890146e-12 8.673617414626513e-21 
0.1000000000001989 -4.72262420142535e-11 2.775557572835701e-19 -5.151599193526919e-14 -3.61035767933454e-13 -1.302219214709931e-22 3.614007241617948e-24 2.80281405728418e-23 -6.520004935641106e-24 0 0 0 0.002500000000006963 -1.046854118148814e-12 -8.673617354895851e-21 
0.09999999999992949 -2.333282438787843e-10 5.569497355965956e-27 8.187665175480067e-14 1.383113845461345e-13 1.610107620018866e-22 -4.701977403289146e-38 4.299639697957354e-25 -3.031753024236707e-24 0 0 0 0.002499999999997534 -5.695408879756476e-12 -8.673617243935768e-21 
0.09999999999953156 -2.532089121709557e-12 0 -3.709645715610497e-14 8.752563620507619e-13 1.245023941862096e-22 -5.877471754111439e-39 -6.593861831943176e-25 -1.147162590364313e-23 0 0 0 0.002499999999983625 -1.072004898045047e-14 0 
0.0999999999994262 4.736792555415344e-11 6.661338147750947e-18 4.904099140670068e-14 1.058323287941753e-12 2.652479064652855e-22 -5.421010862427587e-23 1.482369050832949e-22 -1.364398451217274e-23 0 0 0 0.002499999999979925 1.068161401343576e-12 8.673617379884046e-21 
0.1000000000000724 3.386274333855308e-10 1.110223024625156e-18 -1.219095067950477e-13 -1.330492835575049e-13 -3.900426355897915e-22 3.975407965782024e-23 -9.014986969137335e-23 6.003139075992115e-24 0 0 0 0.002500000000002561 8.244416976367653e-12 -8.673617379884031e-21 
0.1000000000005718 4.592246721779622e-12 0 6.569840319918055e-14 -1.069214468779906e-12 -9.96676988258855e-23 -1.445602896647336e-23 5.633422622714561e-23 -1.468294702854217e-23 0 0 0 0.002500000000020027 1.976771610984204e-14 0 
0.1000000000006806 -5.498032584760915e-12 5.55111512312579e-19 -7.797053165152027e-14 -1.261311520415272e-12 1.828479714822594e-23 2.497925495497361e-38 3.488573301680306e-24 4.97713660964932e-24 0 0 0 0.002500000000023833 -2.419397147901413e-14 0 
0.1000000000000385 -4.014735592583456e-10 2.775557658508112e-19 1.502317575896678e-13 -3.88683793322801e-14 1.558375451675797e-22 7.228014483222066e-24 9.792316491745961e-23 -2.029326690413078e-25 0 0 0 0.002500000000001354 -9.789148929396181e-12 2.363820130905817e-28 
0.09999999999845542 -1.94487221466531e-11 4.696351160068503e-28 2.850855408221561e-14 2.812417468911941e-12 1.259224687638917e-22 1.175494350822288e-38 -2.01132589270091e-24 -3.454027273253886e-24 0 0 0 0.002499999999945935 -5.046527432050985e-13 -8.673617367698114e-21 
0.09999999999996541 5.069682521008381e-10 0 -1.989892167708434e-13 7.892312896241021e-14 -1.059368948319214e-22 4.698209414099718e-23 -1.950340125558313e-22 2.166501413602472e-23 0 0 0 0.002499999999998809 1.23588558007329e-11 0 
0.1000000000010755 5.14076628488349e-12 0 7.396514835796457e-14 -1.986548111501896e-12 1.706009526292688e-24 2.938735877055719e-38 -2.39293545531693e-24 1.643427920679544e-23 0 0 0 0.002500000000037646 2.140215088486395e-14 0 
0.1000000000008249 -1.332607635351472e-10 -2.775557561562895e-19 -4.570922853173414e-14 -1.533417941947117e-12 1.195115153439948e-22 -1.445602896647699e-23 5.531628465463453e-23 2.003178255789215e-23 0 0 0 0.002500000000028881 -3.125234446232899e-12 0 
0.09999999999978448 -4.881530509676079e-10 -1.165211326959296e-26 1.629808723164566e-13 3.975138711330522e-13 -1.208711961042071e-22 -2.468538136726802e-37 1.206356743593749e-24 2.146332997880041e-23 0 0 0 0.002499999999992453 -1.188120511263346e-11 -2.836019307413048e-28 
0.0999999999990281 -5.633167543539509e-12 2.775557561562895e-19 -7.771845135044283e-14 1.779158972223484e-12 -1.108807540300883e-22 -2.204051907791789e-38 -3.922799862258652e-25 -3.807963321778521e-24 0 0 0 0.00249999999996599 -2.560072379781408e-14 8.673617379884046e-21 
0.09999999999992901 8.502192005988044e-11 8.16501986597958e-27 -2.397722344744813e-14 1.498706804525634e-13 6.912769549367085e-23 -3.614007241619118e-24 -2.715065755036035e-23 -6.368637857188451e-25 0 0 0 0.002499999999997533 2.071453631454648e-12 1.98930582141296e-28 
0.1000000000003546 4.132852914062712e-11 -5.55111510339572e-19 -2.366358382393647e-14 -7.165007395440376e-13 -4.865761955972427e-23 -1.084202172485422e-23 1.283490816886674e-22 -9.975717118091113e-24 0 0 0 0.002500000000012413 1.028204485529338e-12 4.908606063587406e-29 
0.100000000002017 -1.423669775818556e-10 -6.796541147679802e-27 -1.64100311117239e-13 -3.674715250597702e-12 6.66000332912052e-23 -3.614007241619767e-24 4.328431841260632e-23 -1.032123790404856e-23 0 0 0 0.002500000000070609 -3.1788075860809e-12 8.673617228129074e-21 
0.0999999999997085 -1.143010469259449e-09 5.488410037054557e-26 4.243588850683884e-13 5.198088324038988e-13 -7.739833744610673e-23 -4.231779662960228e-37 1.283687337541822e-24 -1.790160016974546e-23 0 0 0 0.002499999999989822 -2.789686071123054e-11 1.339527628552952e-27 
0.09999999999819757 2.519204463091715e-11 1.202657883425039e-27 -2.538414177928392e-13 3.285451856646735e-12 6.511689256584011e-23 -3.614007241617633e-24 3.787700626651372e-23 1.417695924846563e-23 0 0 0 0.002499999999936919 9.58343918545235e-13 4.575094580677192e-29 
0.1000000000016805 -8.612498735016482e-11 5.55111512312585e-19 -1.478004683919077e-13 -1.383494454072625e-12 2.580769503056309e-22 -1.084202172484769e-23 -1.358294538518457e-22 2.440370374908235e-23 0 0 0 0.002500000000058821 -1.441228592632232e-12 8.673617379884141e-21 
0.09999999978012762 -2.429682904522844e-08 0 2.586825597362484e-11 1.891941176169382e-09 -2.559255456208443e-22 5.877471754111439e-39 1.476498277350605e-23 -1.423160929546578e-23 0 0 0 0.002499999992304471 -4.032570067799573e-10 8.673617379884046e-21 
0.09999951114929014 -8.500108489208716e-06 -1.387372989086717e-18 5.767407059444138e-08 6.084778895373438e-07 -3.57803147659482e-22 3.975407965780593e-23 3.091561811892886e-22 1.481248875457041e-24 0 0 0 0.002499982903751523 -3.56257813722593e-08 1.700760198239006e-24 
0.1001046864870743 0.0008722934057141178 -5.551115123125774e-19 -2.138056723634616e-05 -0.0003637727988245278 2.710505431213757e-22 -2.045360170430783e-36 -2.394564671216362e-23 1.126876209496201e-23 0 0 0 0.002506531016535518 0.0001123351611435291 -8.673617379884022e-21 
0.1027579124255237 0.001418642971739217 -5.558990173580527e-19 -0.003390863689536216 -0.0003812121245599171 2.116152389763468e-22 -4.336808689941983e-23 -1.084271874188229e-21 7.245965673570586e-23 0 0 0 0.006825819399986743 0.0001131787543592248 -6.282682949400314e-23 
0.1171038650191629 0.001493508952597501 0 -0.06806448116736959 -0.0003812233340061437 0 3.668217350242623e-21 6.590230228796152e-20 9.986378393639293e-22 0 0 0 0.2768876901465232 0.000113178768264798 1.110223024625158e-18 
0.1392302776625589 0.001571893400645087 0 -0.3316979572477606 -0.0003812240817895761 1.110223024625158e-18 -2.968906948989472e-20 -4.044154608525702e-19 5.334049964021563e-21 0 0 0 2.65480377651996 0.000113178768368361 -8.881784197001263e-18 
0.1290354957939092 -0.0006594974661841608 -3.18502333163229e-20 -0.5830320695010455 -0.0003812291373719142 2.202034701830695e-18 3.021310053988565e-20 2.00069806907116e-19 2.571462647400023e-22 0 0 0 7.999974507614717 0.0001131787672775658 -3.552167085321519e-17 
0.08690666011305111 -0.0006643871166330694 0 -0.5016873758779323 -0.0003808233320638109 -2.220446049250316e-18 -1.480297366166875e-19 2.95214965331395e-20 2.492224277441944e-20 0 0 0 12.20725196006356 0.0001131787693009483 3.552713678800505e-17 
0.06645611237313369 -0.0006050410774741087 2.775557561562871e-19 -0.2920515080079395 -0.0003802024337222125 -4.440892098500594e-18 -1.924386576018341e-19 -7.529228795272045e-19 -5.01447961749848e-20 0 0 0 15.44192382938014 0.0001131787444541561 7.10542735760095e-17 
0.07933245918151009 -0.0006004101923658275 -2.485591250956784e-19 -0.1934513406608971 -0.0003797222892670274 -4.977665036173128e-18 -5.921189464665291e-20 8.232282182780971e-19 -1.586376476440878e-19 0 0 0 18.47463756214469 0.0001131787473074291 7.104880764218469e-17 
0.08868723811996065 -0.0005940615803077244 0 -0.1177119218124906 -0.0003795891841640498 -3.885780586188053e-18 -1.184237892933499e-19 2.778895836928026e-19 -2.643314031119481e-20 0 0 0 21.25592111271792 0.0001131787476404971 0 
0.09439024408847345 -0.0005763967530253472 -2.775557561562925e-19 -0.06231715536315864 -0.0003793866656434011 -5.273559366969558e-18 -5.921189464669797e-20 -5.838717681429059e-19 1.927355591871591e-19 0 0 0 23.08643876313065 0.0001131787441543937 0 
0.09749815356162592 -0.0004928092377783019 0 -0.02883246612577912 -0.0003786446290102816 -5.2735593669695e-18 8.881784197001912e-20 -2.328876738626466e-19 -1.258471542770574e-19 0 0 0 24.1332157739604 0.000113178750860146 0 
0.0990012170522187 -0.0001671135453630917 0 -0.0116940159161134 -0.0003732995845361525 -5.308253836489021e-18 5.921189464614877e-20 -6.363271374346288e-19 -1.248832071906349e-19 0 0 0 24.65110292869382 0.0001131788414543424 7.105427357600991e-17 
0.09964522487917059 6.067420386724813e-05 5.55111512312579e-19 -0.004177448441651304 -0.000311272112850132 -5.325601071248804e-18 5.62512999143412e-19 5.597776780217262e-19 7.161745137684724e-20 0 0 0 24.87571269955907 0.0001131792431552374 -7.105427357601011e-17 
0.09988603306511713 0.0008547000566570424 4.080303032811024e-20 -0.001300175420970865 0.0001947625110889616 -4.73950763304829e-18 -1.975281899212159e-32 -1.610062006011868e-18 -5.645795468042151e-20 0 0 0 24.96008088596701 0.0001131866914527707 5.403486250076411e-21 
0.09996899711942132 0.0004438210932380708 0 -0.0003115178940131604 0.001056051169078317 -2.059984127722461e-18 5.921189464666446e-20 -3.350275873649881e-19 3.013597994614814e-19 0 0 0 24.98914693939763 0.000113467116724662 -7.105427357601009e-17 
0.09999591212691844 5.571417643030151e-05 -5.524208127885604e-19 -3.938875531322852e-05 0.0004374751985699265 9.295705700899176e-19 5.921189464810763e-20 2.095024921916347e-18 1.207337288706973e-18 0 0 0 24.9985692373899 0.0001495252014427456 7.106149485098701e-17 
