0.09990218379042234 -0.0008091444403064731 2.775557561562894e-19 0.001330258136874201 0.1361214931491227 0 -1.65793305010696e-18 2.818708559375314e-18 1.230277888798131e-20 0 0 0 249.6592287728499 -2.808907912232973 1.136868377216162e-15 
0.09981182306080055 -0.002338761638536074 1.129497953792572e-19 0.005838609521055415 0.1381356883692335 -1.388767150618716e-17 1.421085471520424e-18 -2.761423658850907e-18 -4.330203791835515e-19 0 0 0 249.3438868657592 -7.743605044922533 -7.628932824864327e-16 
0.09950698764284466 -0.004642958417062327 2.775557561562894e-19 0.01794190122394005 0.1629710972128456 7.216449660063525e-18 4.736951571734598e-19 -9.770336159154441e-19 -5.362011683449415e-19 0 0 0 248.278051039899 -12.73915261527515 -1.136868377216162e-15 
0.098584103793318 -0.008196228858508788 -2.775557561562887e-19 0.05243666608007098 0.2438088299240278 0 8.47409175530385e-33 -5.173601071628203e-20 -1.042619512548357e-18 0 0 0 245.0642284436379 -21.7977320058916 0 
0.09651102127657026 -0.01049259017686445 -2.775557561562894e-19 0.1282391708986684 0.3635227408819247 0 -3.851859888774472e-33 -6.29784190756539e-20 1.276870268380792e-18 0 0 0 237.9116356911951 -33.97281871681494 1.136868377216162e-15 
0.0932463697945542 -0.01292597421656371 0 0.2482566592599587 0.4182184737031425 2.22044604925034e-18 1.24029888418538e-31 -2.613912478616088e-18 1.152575714220839e-18 0 0 0 226.5799450754725 -39.63931524481643 0 
0.08811324153507887 -0.01970620038653925 0 0.4354213702905912 0.5257674560105242 -8.881784197001262e-18 1.309632362183321e-32 8.597088499989298e-19 2.731374629967618e-18 0 0 0 208.266162548328 -50.23512081810781 5.684341886080808e-16 
0.07979616622815888 -0.0516699282132804 8.013666543361201e-19 0.7239355547612344 0.9362320701881872 -3.13726589352604e-17 -8.052817671947838e-18 -1.165824384372613e-17 5.340131713824788e-18 0 0 0 178.5909873516645 -113.6946618907218 2.017131418897743e-15 
0.07166611531907012 -0.0345559729253261 -1.113758887618308e-18 0.9444709343229073 0.4244431098967433 1.60574612279121e-17 2.84217094304679e-18 3.55859283759598e-17 5.649165234251385e-18 0 0 0 151.6261885087917 -86.32532301248894 -1.895318958492771e-15 
0.06282443192817201 -0.01010608309972022 7.265124803094237e-20 1.102219516213855 -0.4287718040189702 -2.491028225117347e-17 4.1448326252672e-18 -8.184352559849007e-18 3.011915702997148e-18 0 0 0 130.9968988198898 -11.15242841915613 2.309758582148868e-15 
0.06249414789691833 0.01067620477482905 0 1.08458516980857 0.3526735715051485 2.220446049250315e-17 1.953992523339538e-18 -4.73590082877146e-17 -4.55536302636697e-18 0 0 0 131.1157607668313 -5.314369982100651 1.705302565824242e-15 
0.1017200977666552 0.01285336755941256 0 2.056176246455963 1.10258636702974 3.552713678800505e-17 -9.461705869027537e-18 -4.445221522879339e-18 3.164513775369922e-18 0 0 0 121.4184785277249 12.6482003237364 1.136868377216162e-15 
0.1597503285887276 0.0007052541758286142 0 2.509334773266005 -3.268778742215405 1.776356839400252e-17 -7.984679179414446e-18 1.946451683806175e-17 6.376113828908135e-18 0 0 0 86.98081894091594 9.801245301976444 1.421085471520202e-15 
0.1599878891985143 0.0007052333711605701 0 1.38424202682998 -2.53729533265998 -4.440892098500631e-18 -3.615395020398858e-18 1.186544391160572e-17 2.984129222572113e-18 0 0 0 30.54386907763197 1.384692389102721 9.947598300641413e-16 
0.1204877373174513 0.0007048318867463642 0 0.2753458527372704 -0.6504335048214435 0 -1.945383958092403e-19 1.791543175678499e-18 2.41703003195491e-19 0 0 0 3.511136599829049 -0.9338838049881848 2.664535259100372e-16 
0.1051720776549996 0.0006866453330250441 0 0.02552809249776739 -0.003730593511561776 0 2.724961460180567e-21 -3.924809886765407e-20 5.918042448959162e-21 0 0 0 0.1274521260848327 -0.003355334826512648 0 
0.100425158559387 -0.0001214303218651821 0 0.0003383037725511048 -0.0001308650852215794 0 -3.614007241618374e-24 9.010449413575764e-23 2.495270387060087e-23 0 0 0 0.002770838360460051 -0.0001719750188270074 0 
0.1000001169430467 -2.455753006155821e-06 -2.775557561562894e-19 1.84350866865948e-08 -6.417390928257635e-07 5.624828165360594e-23 -7.228014483240261e-24 -8.271736155021023e-23 1.453071798328398e-24 0 0 0 0.002500005050759539 -3.665778062204155e-07 -8.673617379884045e-21 
0.1000000017001389 4.122602172834684e-09 -5.551115123125789e-19 2.018256307430608e-10 -5.378233796940449e-10 -5.323941217544431e-23 -1.445602896647386e-23 5.590969901490639e-23 -1.812513186868298e-23 0 0 0 0.002500000059504876 -6.713617725986916e-10 0 
0.1000000000039424 1.426301785012456e-09 5.551115123125741e-19 1.941508988301904e-13 -4.429258655752015e-12 1.302366188051147e-22 -3.614007241610324e-24 2.942184428424063e-23 9.943099687772577e-25 0 0 0 0.002500000000137993 3.303430933746645e-11 -8.673617379883971e-21 
0.1000000000010711 1.064434998476753e-11 0 1.499927695935987e-13 -2.069061041385362e-12 -1.748386924599704e-22 -1.322431144675074e-38 7.046137246246871e-23 -1.382466611263015e-24 0 0 0 0.002500000000037489 4.177159920043544e-14 -8.673617379884046e-21 
0.09999999999999752 1.356099694344019e-10 -6.549243003913229e-27 -2.600815835844117e-14 -1.969432769840946e-14 3.220271686721332e-23 -6.523993647063697e-37 -5.638425620250948e-23 -1.232033731259111e-23 0 0 0 0.002499999999999917 3.357878482646691e-12 -8.673617542051786e-21 
0.100000000000147 5.620504062164878e-13 -5.55111512312579e-19 8.690557532868108e-15 -2.934979826242843e-13 7.760641929431347e-25 0 -5.870374321879361e-25 -1.404100208455349e-23 0 0 0 0.002500000000005159 2.173825355833445e-15 8.673617379884046e-21 
0.1000000000004435 -4.872859928062367e-11 -2.775557585096226e-19 -4.294728184194567e-14 -8.411125439438322e-13 3.617559073308894e-23 -1.445602896647309e-23 -2.825640464318012e-23 -1.565060439194951e-23 0 0 0 0.00250000000001553 -1.133641791550859e-12 -5.474889201158286e-29 
0.09999999999905813 -5.339207374832635e-10 -2.77555756156289e-19 2.028967359862484e-13 1.820816565533762e-12 -7.932392675228955e-23 -3.085672670908506e-38 7.608288431239532e-26 4.633369370991541e-24 0 0 0 0.002499999999967048 -1.331677552517816e-11 8.673617379884031e-21 
0.0999999999994472 1.102237441943928e-09 -5.551115392346238e-19 -2.478738055086858e-13 1.074701525892067e-12 1.505553629134589e-22 -3.614007241607868e-24 -7.269453237513344e-23 6.28636124822589e-25 0 0 0 0.002499999999980664 2.730171096794109e-11 -6.668417388219248e-28 
0.1000000000005185 1.456629088181219e-10 1.110223024625158e-18 1.242759645192197e-13 -9.911715282485941e-13 4.025188302739998e-23 -4.698209414103725e-23 -8.711554881332972e-23 1.425106257910699e-23 0 0 0 0.002500000000018147 3.388809415374987e-12 0 
0.1000000000000343 4.747460671111782e-10 -5.551115009804854e-19 -6.83122870770524e-14 -9.049386850284422e-14 -1.094512634895086e-22 1.807003620809217e-23 -5.539224510881402e-23 -7.899081664056146e-24 0 0 0 0.002500000000001195 1.169717263587589e-11 -8.673617100674897e-21 
0.1000000000007011 9.091390834603494e-11 0 -8.634969359941309e-15 -1.355193005125212e-12 7.175759451667827e-23 1.084202172485884e-23 1.412316344999918e-22 -1.358589335358608e-24 0 0 0 0.002500000000024536 2.239734005898821e-12 0 
0.1000000000000733 -3.825855431072197e-10 2.77555746705484e-19 8.103212429760254e-14 -1.487618573884174e-13 -7.159215626293466e-23 -6.018531076210115e-36 7.278546055312347e-23 -1.684844315553599e-23 0 0 0 0.002500000000002575 -9.461345823556169e-12 -8.673617613602569e-21 
0.09999999999964924 -2.240221896876458e-12 -2.775557561562895e-19 -3.210288123297229e-14 6.81458667747936e-13 7.164481429161052e-23 2.057115113939003e-38 -3.925654817566917e-25 8.906908775330774e-24 0 0 0 0.00249999999998773 -9.248244531301391e-15 0 
0.09999999999970577 4.796562452780125e-11 0 2.558762206747084e-14 5.743985454999405e-13 -7.984632483254994e-24 -1.118372672212017e-36 -5.559738086010521e-23 -5.79283820604382e-25 0 0 0 0.002499999999989705 1.141388416073246e-12 0 
0.1000000000000372 3.607675356370744e-10 5.551115123125765e-19 -6.386790610269379e-14 -7.207713009375642e-14 1.449724269186734e-23 -1.084393538633559e-36 4.174599848928445e-23 6.987258430525039e-24 0 0 0 0.002500000000001308 8.90033218566705e-12 -8.673617379884009e-21 
0.1000000000002754 2.564701923057921e-12 0 3.64083628986063e-14 -5.379373508814519e-13 -2.78103065132087e-22 1.445602896647338e-23 -5.682994210020003e-23 1.129199439898829e-23 0 0 0 0.002500000000009642 1.089352132804815e-14 -8.673617379884046e-21 
0.1000000000002574 2.066888327156845e-11 5.048355422304711e-28 -3.43358926938992e-14 -5.036450319982448e-13 9.411283903035955e-23 -1.351818503445631e-37 -1.541196721917162e-23 -3.165600365316349e-24 0 0 0 0.002500000000009015 5.566334611122045e-13 -8.673617366288324e-21 
0.1000000000000369 -3.157274788834217e-10 1.752639582816137e-28 5.976873301838897e-14 -7.476477698572715e-14 -1.0632400789549e-22 5.113400426076953e-36 -5.651014861798319e-23 2.35183768227591e-24 0 0 0 0.002500000000001305 -7.793142216619441e-12 8.673617384210094e-21 
0.09999999999988994 -2.614345372131675e-11 -6.385514138218186e-28 -4.278933665724616e-14 2.119806612538609e-13 1.446846025634955e-22 2.938735877055719e-39 -7.793296343671627e-25 3.379754846602427e-24 0 0 0 0.002499999999996151 -5.800888198612127e-13 -1.416861521102618e-29 
0.09999999999998153 -1.816407267651854e-10 -2.775557561562893e-19 3.218577510991849e-14 4.06663445343229e-14 -1.583343548796992e-25 -4.40810381558358e-39 -3.168051513672657e-27 4.347296388879591e-24 0 0 0 0.002499999999999366 -4.475746487840576e-12 8.67361737988404e-21 
0.0999999999998336 -1.063385490773787e-12 -2.775557561562895e-19 -1.507503797718948e-14 3.231684890197035e-13 -7.012723996974798e-23 0 5.732979831399158e-25 -1.12182331855716e-23 0 0 0 0.00249999999999418 -4.540096597283069e-15 8.673617379884046e-21 
0.09999999999992593 2.337496515791847e-11 5.551115123125789e-19 4.407227823430062e-15 1.444856974283662e-13 -1.259770488581385e-23 2.644862289350147e-37 5.617759837112064e-23 -1.837419619267952e-23 0 0 0 0.002499999999997414 5.554042468991491e-13 0 
0.1000000000000826 8.99403381632304e-11 1.665334536937733e-18 -2.251839108698919e-14 -1.592817337290693e-13 1.300258684927251e-22 -1.80700362080927e-23 1.551595129124793e-23 3.719015261281361e-24 0 0 0 0.002500000000002902 2.235684510784601e-12 -8.673617379884027e-21 
0.1000000000000283 -7.794017167772622e-11 2.498001804476396e-18 2.883971811362778e-14 -5.541445471350507e-14 -5.560357191933682e-23 -2.529805069132762e-23 -4.148059498568389e-23 2.911251552392718e-24 0 0 0 0.002500000000000988 -1.943932482432327e-12 -2.320063495336592e-29 
0.09999999999996248 5.540303459061755e-11 5.551115129891847e-19 -2.128993532394546e-14 7.059887276922884e-14 1.045256386149645e-23 1.551652543085419e-36 1.136815953752332e-22 -1.06236424807289e-23 0 0 0 0.002499999999998697 1.379518515479821e-12 8.673617396731332e-21 
0.1000000000000314 -3.287903803383957e-11 -2.498001805406604e-18 1.33763565039288e-14 -5.93430958386695e-14 9.258219062797753e-23 -2.529805069132925e-23 9.986014833612242e-23 6.901540587444014e-23 0 0 0 0.002500000000001096 -8.275959128070678e-13 0 
0.09999999999997672 1.682005229541871e-11 1.027070513357519e-28 -7.100666582493358e-15 4.348884844711764e-14 7.357060451002056e-24 -3.61400724161842e-24 -4.040558275786115e-23 5.973468035210735e-23 0 0 0 0.002499999999999193 4.388186320390673e-13 -8.67361737720451e-21 
0.1000000000000145 -5.180404716309537e-12 -2.775557561246563e-19 2.757750972026717e-15 -2.780562562734312e-14 1.054046071397237e-24 -2.350988701644575e-37 9.806393751881617e-23 6.70178929908141e-23 0 0 0 0.002500000000000516 -1.377871883430359e-13 -8.673617379042672e-21 
0.1000000000000017 -9.15933995315754e-14 0 -1.306549081888282e-15 -4.286235684831467e-15 -1.470420555683411e-25 -7.052966104933724e-38 -1.422066351232477e-23 7.524201718578365e-23 0 0 0 0.002500000000000072 -3.95733792957209e-16 0 
0.1000000000000016 -8.561337402901438e-12 2.775557561301505e-19 1.34931024686758e-15 -3.12683066194182e-15 -1.674195153876053e-23 1.084202172485531e-23 -1.272242988976579e-22 2.459807355415634e-23 0 0 0 0.00250000000000006 -2.011953971481351e-13 -8.67361738049831e-21 
0.09999999999999254 -1.677390865095773e-12 -2.775557561600138e-19 -2.905268618273309e-16 1.447450914073227e-14 1.160974647542827e-22 -8.816207631167156e-39 -1.256753855036755e-24 7.158400179897152e-24 0 0 0 0.002499999999999736 -5.047909789820947e-14 -1.12086113497799e-31 
0.09999999999999824 8.028300246820664e-13 -5.551115123125785e-19 -3.829034311841886e-16 3.244968902506466e-15 -8.843424475596172e-23 -1.175494350822288e-38 1.392419513807046e-23 9.160784802852874e-24 0 0 0 0.002499999999999945 2.508030675502093e-14 8.673617379884039e-21 
0.1000000000000055 -4.709774237277031e-14 5.551115123125785e-19 -4.829218043974254e-16 -1.119167233045397e-14 1.62915958121913e-23 3.627502098240652e-39 2.501601549076362e-25 -6.594939751485893e-26 0 0 0 0.002500000000000204 -1.409462824231156e-16 8.673617379884039e-21 
0.09999999999999741 -6.502090532656272e-12 0 1.445455560800107e-15 4.810852658455856e-15 -8.535339547073923e-24 7.346839692639299e-40 -9.76365871296499e-25 -2.650863604303719e-24 0 0 0 0.002499999999999914 -1.507203650080725e-13 -8.673617379884037e-21 
0.09999999999999473 2.790519551543193e-12 5.551115123210982e-19 -1.154852371139837e-15 9.499563893965536e-15 -2.746073440955788e-23 -4.701977403289149e-38 -5.585112194016104e-23 5.363970760363853e-23 0 0 0 0.002499999999999825 7.517722338742932e-14 2.295245819133104e-31 
0.1000000000000113 -6.41847686111418e-14 0 -7.714930546261666e-16 -2.24346539959186e-14 -3.068508309229433e-25 -2.350988701644574e-38 -9.740128343077106e-25 6.123008700902693e-23 0 0 0 0.002500000000000409 -2.493664996716658e-16 0 
0.09999999999999988 -1.139305663699904e-11 0 2.111727459563893e-15 4.060666328343048e-16 -1.168705319693982e-27 -2.350988701644576e-38 2.728924084101161e-25 4.859917636311377e-23 0 0 0 0.002500000000000003 -2.765040800489774e-13 0 
0.09999999999996331 1.506607338885861e-13 -2.77555756156289e-19 2.106473329099856e-15 7.197300896018845e-14 -4.172888017445519e-26 -8.228460455756014e-38 1.36230007993371e-23 3.609430983755273e-23 0 0 0 0.002499999999998725 7.616520261710691e-16 0 
0.0999999999999258 3.395673499329012e-11 -5.551115123125781e-19 2.256452663608146e-15 1.41928311963518e-13 -3.678091959377883e-23 1.445602896647324e-23 -8.507562315934799e-23 8.429071947925723e-24 0 0 0 0.002499999999997401 8.322471401270297e-13 0 
0.1000000000001106 8.985269125960678e-11 0 -2.364064707883062e-14 -2.124089342045896e-13 7.372558790503764e-23 -3.614007241616851e-24 1.28154411689819e-22 2.941575998975101e-24 0 0 0 0.002500000000003885 2.235315882045959e-12 0 
0.09999999999998152 -1.003512377362186e-10 -1.225534801528209e-27 3.857831022228432e-14 3.464803620426016e-14 -9.927593692886418e-24 -2.644862289350146e-38 1.614545225623044e-24 -2.450036649932478e-24 0 0 0 0.002499999999999355 -2.507878887197957e-12 -8.67361741051138e-21 
0.09999999999993449 1.11420941917295e-10 5.551115123125786e-19 -3.316174325880706e-14 1.225922800507078e-13 -3.527276843631025e-23 -7.228014483234851e-24 2.770712872672157e-23 -5.989922966266161e-24 0 0 0 0.002499999999997719 2.786692317874314e-12 0 
0.1000000000001939 -2.289063036342574e-11 -2.775557561562894e-19 3.208316020262634e-15 -3.739770927537833e-13 1.785469730848947e-23 3.614007241618209e-24 2.95366410221628e-23 2.034405824958996e-23 0 0 0 0.002500000000006794 -5.536478393797225e-13 8.673617379884045e-21 
0.1000000000000173 -1.241460493434099e-10 -2.775557546401611e-19 1.716276588440899e-14 -4.017335995819066e-14 -1.101257448665889e-23 3.61400724161683e-24 -7.50299709650629e-25 -7.905333588216077e-24 0 0 0 0.00250000000000062 -3.068931827415744e-12 3.747918653382104e-29 
0.100000000000102 -4.767215268375334e-11 -2.775557550183649e-19 -2.690541308266171e-14 -1.967253747739295e-13 -8.041340384252637e-23 -2.350988701644576e-38 5.466893915746671e-25 -1.470812370147027e-23 0 0 0 0.002500000000003572 -1.117134813474756e-12 -8.673617353218266e-21 
0.09999999999996345 -2.484731604496261e-10 5.93100341024993e-27 4.287827778022623e-14 7.30276842489325e-14 7.198624227674232e-23 -2.534659693960555e-38 1.697486524824443e-26 6.559122872152917e-25 0 0 0 0.002499999999998723 -6.147789525720623e-12 1.467464758630943e-28 
0.09999999999975935 -1.333481935983377e-12 0 -1.932683318939254e-14 4.709757187857676e-13 1.143601751254642e-22 -8.816207631167158e-39 5.640257830043351e-25 -6.769045334772886e-24 0 0 0 0.002499999999991587 -5.572799166575516e-15 -8.673617379884046e-21 
0.09999999999970562 4.797945894752217e-11 2.220446049250316e-18 2.556077132362027e-14 5.726258644618619e-13 1.851336614976929e-22 -2.891205793294619e-23 -1.155601192333745e-22 -1.654427396452253e-23 0 0 0 0.002499999999989698 1.141564598926275e-12 0 
0.1000000000000372 3.607671453242932e-10 0 -6.386359658698655e-14 -7.238002698839744e-14 -3.686300344873166e-22 3.614007241627484e-24 1.145376551911971e-22 2.151249956333328e-24 0 0 0 0.002500000000001315 8.900380974764834e-12 8.673617379884031e-21 
0.100000000000294 2.402678750401687e-12 0 3.425895539477253e-14 -5.756222761668542e-13 -4.611984531816114e-24 -1.445602896647339e-23 5.748798021440032e-23 -1.268366712724904e-24 0 0 0 0.002500000000010291 1.009934323670252e-14 0 
0.1000000000003495 -2.867497905789674e-12 5.55111512312579e-19 -4.06734123233517e-14 -6.813536521277408e-13 5.985911889785599e-25 5.877471754111439e-39 1.658132086895967e-24 -1.243594881976284e-23 0 0 0 0.002500000000012236 -1.230298415227931e-14 0 
0.100000000000019 -4.280993094740706e-10 -5.551115019751123e-19 7.879068716909747e-14 -2.818445574700242e-14 1.802840945180233e-23 1.084202172484717e-23 4.161341853583307e-23 1.053696711979005e-23 0 0 0 0.002500000000000668 -1.05708912218234e-11 -8.67361712462499e-21 
0.09999999999920832 -2.158299580723425e-11 5.211721707613643e-28 1.490720995718222e-14 1.530285525863015e-12 3.728227966667937e-23 1.175494350822288e-38 3.102821308395641e-25 -9.859380793903038e-24 0 0 0 0.002499999999972286 -5.492893466463263e-13 1.326388253626048e-29 
0.09999999999998195 5.409082470125851e-10 -5.55111512312578e-19 -1.043242767636149e-13 3.921270468229494e-14 -3.7055947113142e-23 1.445602896646763e-23 -1.289677339420589e-22 1.713555450011661e-23 0 0 0 0.002499999999999378 1.334726600077388e-11 0 
0.1000000000005521 2.701484869138693e-12 0 3.854246944749264e-14 -1.074484130070245e-12 8.816874932246901e-25 1.763241526233432e-38 -8.26555168787147e-26 1.037229669412485e-23 0 0 0 0.002500000000019325 1.108596721366433e-14 0 
0.1000000000004237 -1.385194042802233e-10 0 -2.372645945452569e-14 -8.273690616871643e-13 7.140055682828091e-23 -1.445602896647482e-23 -1.541913029416635e-23 1.43443492405872e-23 0 0 0 0.002500000000014834 -3.35811023086106e-12 0 
0.09999999999988923 -5.196078376595834e-10 -2.775557685592209e-19 8.540794368033188e-14 2.151175829202936e-13 -7.140220110695752e-23 -3.526483052466859e-38 4.743039732790918e-25 1.034989928247703e-23 0 0 0 0.002499999999996125 -1.282442712137796e-11 -3.061164467572933e-28 
0.09999999999950147 -2.895687162274297e-12 0 -4.063222536210271e-14 9.657455427426005e-13 -8.65404899269949e-25 -7.530510684955281e-39 -8.369087764360787e-26 2.477090648867659e-25 0 0 0 0.002499999999982555 -1.247103548901457e-14 0 
0.0999999999999633 9.054801179686528e-11 8.695714171423736e-27 -1.271149389451497e-14 7.662922773090438e-14 -9.306939870530772e-25 -1.763241526233431e-37 4.266197529400821e-25 6.622106173335063e-24 0 0 0 0.002499999999998722 2.237772955219357e-12 -8.673617164981105e-21 
0.1000000000001834 4.474428640099924e-11 2.136073890260903e-27 -1.262292909088112e-14 -3.740330179471873e-13 -9.008035587632915e-23 3.614007241618556e-24 1.396765972614767e-23 -7.862975048741013e-24 0 0 0 0.002500000000006419 1.116080426862003e-12 8.673617433165268e-21 
0.1000000000010344 -1.43388296028337e-10 2.77555749310991e-19 -8.567779587644118e-14 -1.998887425049233e-12 7.179907975959882e-23 -2.527312854267919e-37 1.451175135821152e-23 -1.152385389189261e-23 0 0 0 0.002500000000036209 -3.390933096380408e-12 -1.618817559382953e-28 
0.09999999999985039 -1.218228773067192e-09 2.775558146521557e-19 2.222551416056361e-13 2.845361351390318e-13 -2.678295564511765e-23 -2.204051907791786e-38 2.737371784506845e-25 -4.457107825939397e-24 0 0 0 0.00249999999999478 -3.011842348871848e-11 1.446200732376851e-27 
0.0999999999990767 3.633959452797855e-11 1.73483734567168e-27 -1.32817985313635e-13 1.785353736589901e-12 2.776553718992397e-23 1.704466808692317e-37 2.720646568745296e-23 1.232741485860229e-23 0 0 0 0.002499999999967686 1.080450832968699e-12 8.673617431464326e-21 
0.1000000000000393 -9.013766295862048e-11 5.55111512312585e-19 2.172063616930647e-14 -5.38155349269454e-14 8.194719534018168e-23 -1.445602896647089e-23 -6.941779305734389e-23 6.965827056526136e-24 0 0 0 0.002500000000001377 -2.237880020183828e-12 8.673617379884141e-21 
0.09999999999974868 -1.198433713378582e-12 0 1.222878233860433e-14 3.144836385816426e-13 -2.770499201726166e-23 2.350988701644576e-38 -9.988307500787149e-25 -7.859263471711672e-24 0 0 0 0.002499999999991208 -1.707618421664677e-15 -8.673617379884046e-21 
0.09999999999906282 -7.862028736371719e-10 -1.942890255561024e-18 8.979827159623267e-14 6.566948915107401e-11 -1.627410977845258e-22 -7.228014483236391e-24 -2.957080426944656e-23 -3.960768801583395e-24 0 0 0 0.002499999999967203 -9.586800212187054e-12 4.576699121062109e-28 
0.0999999743677346 -4.149000626570149e-07 0 3.028543405572412e-09 -1.04454424221702e-08 1.45666505870588e-23 4.995850990994729e-38 3.837876243173968e-25 1.029515490249011e-23 0 0 0 0.00249999910299497 5.420796071135139e-09 8.673617379884022e-21 
0.1000189365336988 0.0003249790329175689 -5.552919119150117e-19 -2.872789657715063e-06 -4.984255148901149e-05 6.154949202475481e-23 -3.614007241618251e-24 2.804433187035088e-23 1.162641205342419e-23 0 0 0 0.00250083075028374 1.464712571837979e-05 -8.130788108562273e-24 
0.1012594004731235 0.0005209192726097199 0 -0.001194279869325447 -7.572275321487782e-05 -4.336808689942023e-21 1.445602896647343e-23 5.192375841675113e-23 -1.364287912131781e-23 0 0 0 0.003654842984626155 2.984467942733223e-05 0 
0.1095321923865678 0.0005278816619256666 0 -0.03893534820395558 -7.572631990362379e-05 0 -1.702197410802241e-21 -2.264654986577941e-20 1.645187738591983e-22 0 0 0 0.1559992041495369 2.984470505963342e-05 5.55111512312579e-19 
0.1221134839975174 0.0005322265210649732 5.808152333156868e-19 -0.2486152343535388 -7.572642438270037e-05 1.106565839558542e-18 1.355975517054756e-20 3.649523606783325e-19 6.307307727296418e-21 0 0 0 2.333129037283846 2.984470477418439e-05 8.883225538111813e-18 
0.1043363099421557 0.0004694283395476776 0 -0.4521409829576645 -7.57273678427681e-05 0 -2.220446049250314e-20 -1.062519299772572e-18 2.856695986574284e-20 0 0 0 8.851958525222049 2.984470480749136e-05 -3.552713678800505e-17 
0.07651455482784959 0.0004847237558361082 -2.775557561562871e-19 -0.2162974927918017 -7.572267358407046e-05 0 -2.368475785870593e-19 2.921722638837854e-19 -1.414917605856756e-20 0 0 0 18.27161312900561 2.984467331046391e-05 0 
0.09062182854858426 0.0005024432904105505 -2.426534876682648e-20 -0.09313099130354585 -7.571531449208872e-05 3.656648517764552e-21 -1.776356839400213e-19 -3.93000324009831e-19 -8.5055468697904e-20 0 0 0 21.90618858516702 2.984467654121287e-05 -7.105571491575715e-17 
0.09682403824582385 0.0006524971165967924 2.775557561562895e-19 -0.03540385514100161 -7.569239574175005e-05 0 6.018531076210113e-36 -6.191052144666766e-19 -2.299219964159817e-20 0 0 0 23.91253169657029 2.984467712963136e-05 0 
0.09907070574569447 0.002353994013810174 0 -0.0108158687060375 -7.539739573263767e-05 -3.469446951953656e-20 -2.067214961401269e-32 3.230375909322349e-19 4.607350362978914e-21 0 0 0 24.67693172970629 2.984468154831818e-05 7.105427357601088e-17 
0.09976588924938071 0.002503631074520444 0 -0.002732628863911819 -6.631763310468154e-05 -5.204170427930427e-20 -9.930576275746687e-35 1.857808960945661e-21 5.610901885872884e-21 0 0 0 24.91805554037247 2.984497633473707e-05 0 
0.09994969928472359 0.0007461903203328817 0 -0.0005535528516001413 0.0001990044543993291 1.040834085586083e-19 -8.881784197014722e-20 -3.518068031519034e-19 -2.662435992447088e-19 0 0 0 24.98239163267231 2.986340674748793e-05 0 
0.09999295591317907 9.793321916031327e-05 2.775557561562895e-18 -6.726030863153864e-05 0.0007258824050445498 -8.372581870429867e-19 3.256654205567125e-19 5.933604352841985e-19 -4.917892352807779e-20 0 0 0 24.99753457780694 2.542825310314367e-05 0 
0.1000000396128383 2.540371489122964e-07 -5.550993846832302e-19 4.739534315641725e-07 6.966449910662862e-07 -1.759886592226263e-19 -5.537048590113304e-34 -1.206458368857377e-19 2.277950553758282e-20 0 0 0 25.00001386392103 1.792465063044081e-05 8.557154730459214e-22 
0.09999998911842158 6.95344674200838e-08 2.220446049250315e-18 -1.306157599515177e-07 8.085691570321011e-07 1.642756873728673e-19 -1.781485198558194e-33 -2.345702779213618e-19 1.247636042824675e-19 0 0 0 24.99999619144835 2.459357140160952e-05 0 
0.1000000017538145 -2.282193687502982e-08 -1.102178630656137e-24 2.810265522534354e-08 -1.862929805529041e-07 -7.579009247680541e-19 2.960594732336761e-20 9.454392046021532e-19 6.545776921913602e-19 0 0 0 25.0000006138354 -8.223086556125607e-06 -3.971315112221635e-22 
