0.09354739748461378 -0.002686899595234089 0 0.07575566842404768 0.4057202547768152 6.106226635438368e-18 -1.657933050106721e-18 2.53785590066879e-18 -5.110759675725452e-19 0 0 0 227.755704753644 -8.925853049697213 1.136868377216162e-15 
0.09170395744826303 -0.00749539152548099 -1.931238154302152e-19 0.2270517976869018 0.4210197116779783 -1.367168318332731e-17 2.131628207280075e-18 2.151319995581006e-17 2.157351650761237e-19 0 0 0 221.763728137273 -24.66858467472037 -2.219243196599126e-15 
0.08812292295247957 -0.01269002368590174 2.775557561562894e-19 0.3901429300008151 0.458241205242669 -8.881784197001262e-18 4.73695157173687e-19 -1.052666115332422e-17 4.784798382774223e-18 0 0 0 210.2902407905166 -39.42420461152788 1.136868377216162e-15 
0.08309339553246425 -0.01736066116232547 0 0.5634741098960064 0.4917444623816333 -1.998401444325279e-17 1.47295122146736e-30 -1.585597120553501e-18 8.27637115208934e-18 0 0 0 194.5107063371365 -50.0714837989096 -5.684341886080793e-16 
0.07688543126251775 -0.0195507027896138 2.775557561562894e-19 0.7398000510172892 0.478469212860936 0 -4.7369515717361e-19 -8.432355818530758e-18 7.031465288548842e-18 0 0 0 176.1157855919449 -54.62136609548466 0 
0.07083367642200801 -0.01586078264092245 2.775557561562925e-19 0.8804791317859705 0.3429126860598875 -2.22044604925034e-17 8.289665250533806e-19 9.513263787810501e-18 8.388238160860449e-18 0 0 0 159.7399983014456 -42.55185805847699 -5.684341886080871e-16 
0.06579828888252219 -0.01415741040057598 -5.551115123125789e-19 0.9791292589885089 0.2660026021232225 8.881784197001262e-18 2.486899575160234e-18 -4.665738445187308e-18 8.180892420302655e-18 0 0 0 147.1909811170877 -34.65370579917089 0 
0.06265921090516906 -0.005649211476783707 -5.62976228411284e-19 1.061956252732441 0.2149429751134737 2.970673936855201e-17 9.473903143468113e-18 3.733719846396021e-17 9.016162143542019e-18 0 0 0 138.4753802006924 -21.17106076136321 -1.831473181181247e-15 
0.06111520069029515 -0.004232634212844307 6.2825346229952e-19 1.113975703745989 0.1738862458077423 2.172046064412197e-17 1.693460186898637e-17 2.054435694815933e-17 9.673807702792444e-18 0 0 0 132.6317914952891 -12.33618549761382 1.109530168690078e-15 
0.05869116500287293 -0.00498757415288412 5.945625230219059e-19 1.14936356189499 0.1497234970456368 2.706846272640269e-18 2.475057196230851e-17 1.12354087931313e-17 7.922937480517555e-18 0 0 0 125.0881680076799 -16.11942825645656 3.673334802693699e-16 
0.05718044076407287 -0.004577548287224829 8.326672684688683e-19 1.171098631424869 -0.1552526425869235 -1.776356839400252e-17 1.912544197087376e-17 -5.97460953466845e-17 7.181964906422388e-18 0 0 0 121.2194901728654 -22.82699830035223 -5.684341886080808e-16 
0.05912433372103862 -0.006759314024475284 1.387778780781447e-18 1.200533137333274 -0.3744032274758732 -2.220446049250316e-17 1.551706535254032e-18 -1.929029257845753e-17 6.710995950955617e-18 0 0 0 120.4470069249136 -59.24574571080974 0 
0.07139799709888432 -0.001930178135750553 1.110223024625158e-18 1.458832059723511 0.15142175946529 -4.440892098500631e-18 1.273503871803998e-19 7.068702183727861e-18 5.989172268117364e-18 0 0 0 120.7829642820626 -103.6065662453966 0 
0.1070906902983485 -0.003330802376536407 5.551115123125789e-19 2.204896818210938 0.4839987954032572 8.881784197001262e-18 -5.391751859798502e-18 -3.046147650387293e-17 1.191048686494057e-17 0 0 0 128.6974836276719 -180.6442487691584 5.684341886080808e-16 
0.1795366035554168 -0.002982025755065777 -5.551115123125773e-19 3.583125871686004 -0.9068254768344147 0 -1.600781500991511e-17 1.350097043451782e-17 2.024947926669506e-17 0 0 0 140.8589964486629 -134.4231079867886 0 
0.2323163335167875 -0.002426306545519178 -1.110223024625158e-18 3.720045731083617 -2.772684839775148 -1.776356839400252e-17 -6.72233536197658e-18 5.555427938091719e-17 1.238875829274368e-17 0 0 0 98.7677799051169 -176.7304836099397 1.705302565824242e-15 
0.2001455427431329 -0.002427668936242918 -1.11022302462517e-18 1.819334351101611 -6.582997606457138 0 3.40902075087407e-18 -3.051130043074461e-17 4.170791297151839e-18 0 0 0 31.37909970348547 -69.06933481911193 3.552713678800544e-16 
0.1342853284904141 -0.002436146267539598 -2.220446049250315e-18 0.3747554224423096 -0.3232743276351386 0 -2.17230747279179e-19 3.306028234745864e-18 4.626172540615357e-19 0 0 0 4.183705279327163 -1.175269516158197 0 
0.1060042041511138 -0.003297030610252997 -1.110223024625158e-18 0.02619562121259919 -0.003696895041026873 1.387778780781447e-19 8.442320916421381e-21 -1.367729214678139e-19 1.026431712717389e-20 0 0 0 0.1232156917466545 -0.003320224703495467 0 
0.1004681136275697 -0.0001326568827707432 -1.665334536937722e-18 0.0003499500433392873 -0.0001334136524755025 0 -2.168404344972083e-23 1.35278418740888e-22 5.71872385673098e-23 0 0 0 0.002773238551428458 -0.0001768999364739691 -8.673617379883971e-21 
0.09999976241779759 3.534468453157706e-06 -3.330669073875473e-18 -2.261124960269327e-08 3.921419671327825e-09 2.693961818962704e-22 -3.614007241618339e-24 7.623902672550953e-23 1.385129373515775e-25 0 0 0 0.002499992810305681 -2.196689979791725e-07 0 
0.1000000030246024 1.103591549742039e-08 -5.329762455128366e-25 3.584559988022368e-10 -1.35374947729935e-10 -1.505444694950132e-22 3.614007241612173e-24 -1.217971964965379e-22 3.323923978514241e-24 0 0 0 0.002500000105860882 -8.011211892434587e-10 8.673656069792803e-21 
0.1000000000076616 -2.527656903228436e-11 5.55111512312579e-19 8.902216815561318e-13 -8.266808210669136e-12 9.137631153185694e-23 3.614007241618339e-24 -2.081676488047362e-23 -3.06520974597961e-23 0 0 0 0.00250000000026818 -4.405677211938316e-12 8.673617379884046e-21 
0.1000000000009052 -4.902883654622837e-11 5.551115099447458e-19 -8.597838945427278e-14 -1.583771317250682e-12 -1.777693001186734e-23 -1.807003620808752e-23 -1.937933859438613e-22 -2.255576244696949e-23 0 0 0 0.0025000000000317 -1.065059227877572e-12 -5.143671756599402e-29 
0.0999999999980853 -4.899333543029195e-10 0 4.035761174313119e-13 3.474052418355103e-12 -2.307364177063767e-23 4.555040609436366e-37 -4.425215274677584e-24 -9.449579527887962e-24 0 0 0 0.00249999999993301 -1.220793756882835e-11 0 
0.09999999999887781 1.024748905523173e-09 -5.551115373419736e-19 -4.929232404182993e-13 2.062164993896323e-12 2.711161512845059e-23 -3.614007241621442e-24 -1.823430431006291e-23 -9.361496409357752e-24 0 0 0 0.002499999999960742 2.509562788697078e-11 -8.673617992842386e-21 
0.1000000000010557 1.472710842165262e-10 -5.55111512312579e-19 2.478551727283215e-13 -1.87196412032876e-12 -6.896373519979444e-23 -5.059610138266798e-23 -1.965807007500058e-22 1.857584820103181e-23 0 0 0 0.002500000000036954 3.170949830835751e-12 0 
0.100000000000066 4.444941376774447e-10 1.060998395814864e-26 -1.359361535373208e-13 -2.127455721129215e-13 -1.156239830841286e-22 3.25260651745447e-23 -9.567798392383893e-23 -9.332960379868335e-25 0 0 0 0.002500000000002301 1.076841252885963e-11 2.570397998563415e-28 
0.1000000000014243 8.544974623714251e-11 2.22044604925034e-18 -1.720362833682973e-14 -2.586627131922174e-12 1.206487372249627e-22 2.168404344972013e-23 2.069918156490271e-22 9.653964129789711e-24 0 0 0 0.002500000000049849 2.063334312435431e-12 8.673617379884141e-21 
0.1000000000001478 -3.558735337666513e-10 -8.790952550694606e-27 1.60834173294356e-13 -2.950074315942234e-13 -8.746387038273692e-25 1.44560289664498e-23 1.295393401206071e-22 -1.391044684368033e-23 0 0 0 0.002500000000005193 -8.695993957471489e-12 -8.673617594696494e-21 
0.09999999999928742 -4.439591055893662e-12 -2.775557561562895e-19 -6.414241082719489e-14 1.306031085224035e-12 -3.547002064441476e-23 8.816207631167158e-39 1.152217882642587e-25 -9.951860413317825e-24 0 0 0 0.002499999999975072 -1.872688202425595e-14 0 
0.09999999999940244 4.726245436681406e-11 0 5.11603657586452e-14 1.105076703969754e-12 -1.404811683976155e-22 1.084202172485234e-23 -8.151074304689454e-23 -2.150648000115686e-23 0 0 0 0.0024999999999791 1.061219796934237e-12 0 
0.1000000000000763 3.36690137575646e-10 4.996003610813189e-18 -1.268845202518035e-13 -1.367540265635667e-13 2.267988481591355e-23 2.529805069132496e-23 -7.607632760646999e-23 3.309582686031428e-25 0 0 0 0.00250000000000267 8.186859393535807e-12 8.673617379884009e-21 
0.1000000000005587 5.13625600384595e-12 5.55111512312579e-19 7.262961181549627e-14 -1.035037975962169e-12 -1.525590480256798e-22 1.445602896647338e-23 -5.44474294072637e-23 6.497436898954649e-24 0 0 0 0.002500000000019568 2.272216702986505e-14 0 
0.1000000000005223 1.70300405721857e-11 4.159571493779056e-28 -6.850450554042239e-14 -9.70277490735819e-13 8.509683690510696e-24 -7.228014483236707e-24 1.116234815416869e-22 9.029067433776873e-24 0 0 0 0.002500000000018288 5.01703713295942e-13 1.225406630890406e-29 
0.1000000000000746 -2.944190030662605e-10 2.775557563197244e-19 1.188342935628375e-13 -1.474070778429995e-13 -1.059650160636433e-22 1.349632818637071e-35 -5.375191539411931e-23 -1.078505759263566e-24 0 0 0 0.002500000000002631 -7.167671404323414e-12 8.673617383862888e-21 
0.09999999999977598 -2.803577682508605e-11 -6.847712287781846e-28 -8.525929430051839e-14 4.033740158935936e-13 1.452554886466466e-22 4.701977403289151e-38 -1.962731587646825e-24 -9.216088316034104e-24 0 0 0 0.002499999999992169 -5.510918327580879e-13 8.67361736642368e-21 
0.09999999999996341 -1.696140623785859e-10 0 6.40669302331904e-14 8.666458190136771e-14 1.723914018268562e-24 0 -1.401252104159227e-26 9.659678447771571e-24 0 0 0 0.00249999999999874 -4.118135953773391e-12 8.67361737988404e-21 
0.09999999999966198 -2.141516131093377e-12 -2.775557561562895e-19 -3.004389676856489e-14 6.190241504472154e-13 -4.975972879959465e-23 2.350988701644576e-38 9.914749122006413e-25 -7.635486073584296e-24 0 0 0 0.002499999999988176 -9.630425797102533e-15 -8.673617379884046e-21 
0.09999999999984957 2.238877486182565e-11 1.110223024625158e-18 8.904194973942112e-15 2.781347815129466e-13 2.180074276857082e-22 5.054625708535837e-37 1.934169395801864e-25 -3.154807186986084e-23 0 0 0 0.00249999999999475 5.130715730744525e-13 -8.673617379884045e-21 
0.1000000000001681 8.345160500133914e-11 2.220446049250311e-18 -4.478913235666527e-14 -3.020402551860657e-13 3.759998964337534e-22 -3.614007241617924e-23 1.535063701952078e-22 -8.751160329232198e-24 0 0 0 0.002500000000005908 2.054180935594234e-12 -8.673617379884027e-21 
0.1000000000000573 -7.159073681095591e-11 2.498001804552176e-18 5.737800558754968e-14 -1.071115525029553e-13 -3.547088465698403e-22 -2.529805069132508e-23 -1.642768469557872e-22 6.936184174491033e-25 0 0 0 0.002500000000002004 -1.782563896837731e-12 -2.127471742219902e-29 
0.09999999999992357 5.08672097498941e-11 -2.220446048629097e-18 -4.240229116898964e-14 1.325683050028e-13 -1.701846444981388e-22 1.084202172485843e-23 6.594934274364741e-23 -1.155468188837014e-23 0 0 0 0.002499999999997345 1.265143317798894e-12 1.545050364958092e-29 
0.100000000000064 -3.014411636970142e-11 -1.110223024625157e-18 2.664679703741991e-14 -1.111310586352156e-13 2.208866276792575e-22 -1.084202172485663e-23 -5.837880709984996e-23 1.457059933447217e-22 0 0 0 0.002500000000002236 -7.588656265877803e-13 0 
0.09999999999995257 1.540065817928759e-11 1.110223024719197e-18 -1.414844769120834e-14 8.137997533554201e-14 3.795817773546084e-23 -1.084202172485521e-23 -3.637725512432798e-23 1.364043764417754e-22 0 0 0 0.002499999999998356 4.023325184294989e-13 8.67361738234077e-21 
0.1000000000000296 -4.718187646135516e-12 2.775557561850994e-19 5.503546229857075e-15 -5.23078741729611e-14 -9.875094885970137e-23 1.445602896647265e-23 1.34670254048648e-22 1.316206451604993e-22 0 0 0 0.002500000000001048 -1.262458562169277e-13 7.708858098455251e-31 
0.1000000000000033 -1.832735352369496e-13 0 -2.607964538769985e-15 -8.704959196527045e-15 8.160548935280381e-23 9.403954806578298e-38 -1.347494607875567e-23 1.360551200233615e-22 0 0 0 0.002500000000000143 -8.023096076392731e-16 0 
0.1000000000000033 -8.002236026594113e-12 -2.775557561807209e-19 2.681986345972262e-15 -5.779385870435509e-15 1.365751649903776e-23 1.084202172485611e-23 -1.218609304306671e-22 8.556221624058448e-23 0 0 0 0.002500000000000123 -1.851451392372028e-13 -5.65269090316076e-31 
0.09999999999998488 -1.61780311369597e-12 -2.775557561598815e-19 -5.802983094049994e-16 2.758865596769482e-14 9.164555770078837e-23 -3.526483052466863e-38 -3.497516741118694e-24 1.96605055882804e-23 0 0 0 0.002499999999999465 -4.665321948205125e-14 -1.035909568837285e-31 
0.09999999999999637 7.333543494691953e-13 0 -7.561083703588841e-16 6.240820058454239e-15 -8.255338785824258e-23 -1.445602896647346e-23 1.286147469517271e-23 7.962535462039699e-24 0 0 0 0.002499999999999886 2.29661125186742e-14 0 
0.1000000000000114 -9.436895709313829e-14 0 -9.61905092614992e-16 -2.119271156485063e-14 1.428931083749636e-23 1.763241526233431e-38 7.042124270093713e-25 1.135182047107592e-23 0 0 0 0.002500000000000415 -2.954450920022999e-16 0 
0.09999999999999469 -6.053837986463865e-12 0 2.873376999297955e-15 9.138851315374477e-15 1.192124646119303e-22 -3.673419846319649e-39 -2.450426296700805e-24 2.071392701857994e-24 0 0 0 0.002499999999999824 -1.384688804589863e-13 0 
0.09999999999998929 2.537076451702981e-12 -2.220446049242568e-18 -2.292604994735799e-15 1.779910472609977e-14 -2.093285079211398e-22 3.252606517456474e-23 -1.106401683752115e-22 1.255397014809039e-22 0 0 0 0.002499999999999643 6.884819320554519e-14 8.67361738009424e-21 
0.1000000000000232 -1.312318309576453e-13 -5.551115123125784e-19 -1.535364428188282e-15 -4.258923737892007e-14 1.660155165485745e-23 1.88079096131566e-37 -2.446797302934144e-24 1.278145711122126e-22 0 0 0 0.00250000000000083 -5.421010862427516e-16 8.673617379884037e-21 
0.09999999999999985 -1.061685461767322e-11 2.775557561562895e-19 4.1790034395935e-15 1.610973111009295e-15 2.412067962141539e-25 0 4.99034601710802e-25 1.148068529056117e-22 0 0 0 0.00250000000000001 -2.541668047903448e-13 0 
0.09999999999992561 3.222248856626929e-13 0 4.161782723999254e-15 1.396321972334262e-13 -1.946454071457672e-23 1.410593220986745e-37 1.225074942797543e-23 1.06647165901363e-22 0 0 0 0.002499999999997411 1.818749144344439e-15 0 
0.09999999999984886 3.228784427322663e-11 -2.220446049250312e-18 4.565423733509065e-15 2.680389625773154e-13 6.900406782772099e-23 1.445602896647258e-23 6.46929568993767e-23 1.883728691801777e-23 0 0 0 0.002499999999994709 7.684011846947895e-13 0 
0.1000000000002253 8.328632922216555e-11 0 -4.705175878547932e-14 -4.01778771231002e-13 8.513698798436201e-23 -1.084202172484729e-23 2.075772560214106e-22 9.80822411462835e-24 0 0 0 0.002500000000007907 2.053568361366782e-12 0 
0.09999999999996195 -9.207691033241748e-11 -1.124484964761353e-27 7.674947529364014e-14 6.452587648312761e-14 -8.827092078915184e-23 -1.899158060547258e-37 5.333932162756513e-24 -6.395174322176826e-26 0 0 0 0.002499999999998683 -2.299123890402166e-12 -2.807794307549271e-29 
0.09999999999986622 1.029279092512601e-10 0 -6.59386290939002e-14 2.278057408619915e-13 -1.740504293219888e-23 -7.228014483233417e-24 2.519761134346977e-23 -6.542137708871712e-24 0 0 0 0.002499999999995337 2.558234657099031e-12 0 
0.1000000000003942 -2.148880032248889e-11 0 6.436652137220717e-15 -7.112368320343351e-13 -1.49584107770596e-24 -1.084202172485459e-23 -1.122711828333391e-22 1.11878412561401e-23 0 0 0 0.002500000000013815 -5.102363843934029e-13 0 
0.1000000000000342 -1.162820707778511e-10 -5.551115108924884e-19 3.413312294846267e-14 -8.634909364379629e-14 -4.931563414395391e-23 -2.168404344970988e-23 -4.373786753015334e-23 -1.880432851445287e-23 0 0 0 0.002500000000001228 -2.825228928842599e-12 8.673617414387004e-21 
0.1000000000002075 -4.719094039151737e-11 5.55111513439017e-19 -5.362443914838759e-14 -3.743495513496237e-13 -1.295407108576739e-22 3.614007241617898e-24 2.784619625005662e-23 -5.38195926018372e-24 0 0 0 0.00250000000000726 -1.040861190640401e-12 2.484514327468617e-29 
0.09999999999992656 -2.320003997940979e-10 5.537801989833434e-27 8.520878840473544e-14 1.438388515429211e-13 1.604672515999437e-22 -5.28972457870029e-38 4.782782767042663e-25 1.568825269406495e-24 0 0 0 0.00249999999999743 -5.655751474792387e-12 1.350016284407518e-28 
0.09999999999951169 -2.636953155832355e-12 -2.775557561562895e-19 -3.862148101330118e-14 9.086167401195264e-13 1.708812027233688e-22 -1.175494350822288e-38 -5.002685001519715e-25 -1.029789756420215e-23 0 0 0 0.002499999999982929 -1.124588703410594e-14 8.673617379884046e-21 
0.09999999999940176 4.731588384987414e-11 7.216449660063525e-18 5.105579200158387e-14 1.098088341991406e-12 1.80950011019363e-22 -5.782411586589403e-23 1.043331325140754e-22 -8.991982977191832e-24 0 0 0 0.002499999999979071 1.061864897226866e-12 -8.673617379884046e-21 
0.1000000000000755 3.366849767733058e-10 1.665334536937734e-18 -1.268676349160813e-13 -1.379776047195286e-13 -2.223527326766954e-22 5.421010862429214e-23 -1.472698751086845e-22 1.324248706463604e-24 0 0 0 0.002500000000002671 8.186891919601003e-12 8.673617379884031e-21 
0.1000000000005961 4.785061236134445e-12 0 6.839495705901466e-14 -1.109916331399163e-12 -1.920930421333442e-22 -1.445602896647337e-23 5.591249653946734e-23 -8.840655392364142e-24 0 0 0 0.002500000000020877 2.075434008680385e-14 0 
0.1000000000007095 -5.730138585846613e-12 5.55111512312579e-19 -8.116924794336147e-14 -1.30890288067856e-12 1.820951684623829e-23 3.232609464761291e-38 3.757478351509163e-24 6.088251053177143e-24 0 0 0 0.002500000000024848 -2.539743589047305e-14 0 
0.1000000000000402 -3.991334606573398e-10 -2.775557465182726e-19 1.563289562615448e-13 -3.902625925714928e-14 1.555305800818556e-22 7.228014483220434e-24 9.756753254891549e-23 -1.948343420109575e-25 0 0 0 0.002500000000001414 -9.72054603693216e-12 2.347254349813464e-28 
0.09999999999838956 -1.926041791333582e-11 4.650880676305249e-28 2.967256833756716e-14 2.916526296195466e-12 1.255525099229234e-22 1.616304732380646e-38 -2.124141407230435e-24 -3.400930147758653e-24 0 0 0 0.002499999999943629 -5.006899842646639e-13 1.209033668487411e-29 
0.09999999999996396 5.039855685562436e-10 -5.55111512312578e-19 -2.070708562951017e-13 8.252364011640262e-14 -1.053157136958432e-22 4.698209414099337e-23 -1.366196059752203e-22 2.276138591616599e-23 0 0 0 0.00249999999999876 1.227210336390148e-11 -8.673617379884031e-21 
0.1000000000011212 5.354570953297632e-12 5.55111512312579e-19 7.700559680653033e-14 -2.061256948246382e-12 1.725223401153485e-24 2.350988701644576e-38 -2.581353733933529e-24 1.645496737559505e-23 0 0 0 0.002500000000039248 2.245111648674367e-14 8.673617379884046e-21 
0.10000000000086 -1.32800367924623e-10 -5.55111512312579e-19 -4.76020269497276e-14 -1.591455544509033e-12 1.188558333446723e-22 -1.445602896647726e-23 5.511123622799606e-23 2.117160169852481e-23 0 0 0 0.00250000000003011 -3.105008654705182e-12 8.673617379884046e-21 
0.0999999999997753 -4.853935395981978e-10 -1.158624429882373e-26 1.696054081900083e-13 4.124417212702084e-13 -1.204135221271737e-22 -2.703637006891259e-37 1.302180673221591e-24 1.565050446427697e-23 0 0 0 0.002499999999992132 -1.179851572344343e-11 -8.673617661512161e-21 
0.09999999999898669 -5.87845744304263e-12 2.775557561562895e-19 -8.089244112515395e-14 1.84544278179146e-12 -1.105689855980544e-22 -2.204051907791789e-38 -4.380834843042791e-25 -3.7686510468184e-24 0 0 0 0.002499999999964541 -2.696139752428339e-14 8.673617379884046e-21 
0.09999999999992601 8.453181730983009e-11 8.117953195552542e-27 -2.492823100718649e-14 1.563119052261637e-13 6.858305010342346e-23 -3.614007241619214e-24 -2.688924217668943e-23 -5.279849686883521e-24 0 0 0 0.002499999999997429 2.056820967884241e-12 8.673617577409389e-21 
0.1000000000003696 4.101883763207837e-11 -5.551115103543565e-19 -2.459183990704806e-14 -7.45907245830079e-13 -4.823194000708904e-23 -3.614007241617363e-24 9.914116955556342e-23 -1.400465225499715e-23 0 0 0 0.002500000000012936 1.020383322107571e-12 -8.673617331171365e-21 
0.100000000002103 -1.422880042956118e-10 2.775557493635184e-19 -1.708198837007622e-13 -3.81085260283728e-12 6.612619124156445e-23 -3.614007241620017e-24 4.329067680871249e-23 -1.033443615467096e-23 0 0 0 0.002500000000073618 -3.160728514854704e-12 -8.673617530775928e-21 
0.09999999999969605 -1.136412275046223e-09 2.77555810723561e-19 4.416294538397584e-13 5.387636759744261e-13 -7.687432266938615e-23 -4.995850990994714e-37 1.427400630807655e-24 -1.668407478422111e-23 0 0 0 0.002499999999989388 -2.770204584386749e-11 -8.673616049710797e-21 
0.09999999999811858 2.423226549974609e-11 1.156838421155863e-27 -2.639551794728269e-13 3.399998690383908e-12 6.520935657131872e-23 -3.614007241617563e-24 3.749242303539541e-23 9.523771213512089e-24 0 0 0 0.002499999999934154 9.497909186570402e-13 -8.673617334541417e-21 
0.100000000005643 -6.704328932294178e-11 0 -6.147866937755545e-13 -5.782883136705753e-12 2.567458680660167e-22 -1.084202172484722e-23 -1.352360008019529e-22 2.430960722335518e-23 0 0 0 0.002500000000197512 3.142194078715948e-13 0 
0.1000000001470795 -4.804392552196244e-08 0 -1.776612688654072e-11 3.96360237447193e-09 -2.736685697601067e-22 5.877471754111439e-39 1.497074668235742e-23 -1.413571047993088e-23 0 0 0 0.002500000005147573 -6.701997870518464e-10 -8.673617379884046e-21 
0.09999890420920733 -1.893389579205897e-05 -2.219542152826985e-18 1.290155216510888e-07 1.79939473226303e-06 -4.077748868289829e-22 3.614007241618809e-23 2.502335438507327e-22 -4.302545545107151e-24 0 0 0 0.002499961704860284 -2.375777716754905e-07 -8.662275514457154e-21 
0.1001719345214759 0.0007667812165598505 -1.665334536937732e-18 -4.171815876962541e-05 -0.0006702403459961732 5.421010862427514e-22 -5.430783900798976e-36 -5.340394444415816e-23 1.251818315032657e-23 0 0 0 0.002513651342940214 0.0002336313441645553 -8.673617379884022e-21 
0.1035238435790047 0.001005716172923329 -2.776115846188603e-18 -0.005017278755121532 -0.000707651946110682 -1.695440901777165e-20 -9.396418828208216e-23 -1.973414161380333e-21 8.022944318087143e-23 0 0 0 0.009901726766507751 0.0002340355876386131 3.456455367054715e-20 
0.1198003955714533 0.001023356346040263 -1.110223024625158e-18 -0.08486699160706011 -0.0007076981236532985 0 4.824699667560496e-21 8.043026192113371e-20 1.193238093712859e-21 0 0 0 0.370695821313663 0.0002340356022367827 0 
0.1416392103337298 0.001048548332811994 -1.665334536937737e-18 -0.3678391974674734 -0.0007077028071299953 0 -2.598832607447753e-20 -3.644986052100191e-19 7.080626087231372e-21 0 0 0 3.062523276385596 0.000234035602417194 0 
0.1281547454813361 0.0003820607829411647 -1.646883025443536e-18 -0.6001806882470768 -0.0007077470673886411 -2.254626482657738e-18 8.942499518655977e-20 1.16925661355623e-19 -4.392987807339563e-21 0 0 0 8.458887205623906 0.000234035601343051 1.130267952389766e-20 
0.0853188137492682 0.00037608242555885 -1.387778780781447e-18 -0.4979590188096274 -0.0007056479436322345 0 -1.184237892933499e-19 2.737760241078837e-19 3.182154667667701e-20 0 0 0 12.32097153580417 0.0002340356094698858 -3.552713678800505e-17 
0.06586223814588202 0.0005609420283860812 -8.326672684688613e-19 -0.2957515978029585 -0.0007019760622197612 0 -1.924386576017811e-19 -9.534632404594247e-19 -3.123472585033328e-20 0 0 0 15.26882817751328 0.0002340355964802744 0 
0.0784808109454246 0.0006248201816677416 -1.41795428499075e-18 -0.2007406789301512 -0.0006983637846720185 3.372727056886497e-20 -5.921189464664949e-20 5.75557944125568e-19 -1.298413028456147e-19 0 0 0 18.23085480808236 0.0002340355996499608 7.104297089656798e-17 
0.08789539659180169 0.000759265134481086 -1.665334536937737e-18 -0.1252356495094673 -0.0006974465069207869 0 -1.184237892933499e-19 -1.974247275549016e-19 -2.617441152452892e-20 0 0 0 21.01022065087347 0.000234035600321648 0 
0.09381532274980341 0.001346230553982414 -1.11022302462517e-18 -0.06832071853762418 -0.0006961985915735815 0 -1.776356839400432e-19 -1.016965006830349e-18 2.390356243805282e-19 0 0 0 22.89760192619236 0.0002340355976349019 0 
0.09714902101176008 0.004652480319541973 -2.775557561562894e-19 -0.03271056196700221 -0.0006921633025680007 -1.387778780781447e-19 8.88178419700184e-20 -2.203132210717036e-19 -1.157703367716818e-19 0 0 0 24.01431989227891 0.0002340356072050353 0 
0.09882081336262052 0.002942922142668527 2.775557561562887e-19 -0.01377939579257271 -0.0006670527422054785 -6.938893903907218e-20 5.921189464609586e-20 -6.18394023821187e-19 -9.616931429193499e-20 0 0 0 24.58870281143361 0.0002340357140750985 0 
0.09956453716294804 0.001476210165934569 2.775557561562895e-19 -0.005134280410833077 -0.0004358151463087873 -1.214306433183767e-19 5.625129991434119e-19 9.089242505724104e-19 4.905760490253116e-21 0 0 0 24.84761332360363 0.0002340362482700097 -7.105427357601011e-17 
0.09985422455098651 0.001392174985817034 6.64618631131348e-20 -0.001682381160973391 0.0002609225058396942 -5.166343267070036e-19 -1.184237892933719e-19 -1.819381197479653e-19 1.055001217167546e-20 0 0 0 24.94894397788192 0.0002340449002047316 -7.104310036841896e-17 
0.09995727607564739 0.0006127989568557949 -5.551115123125789e-19 -0.0004417324317546962 0.001168673120851508 -9.096456227153392e-19 5.921189464666282e-20 -3.31220156063644e-19 2.741127823226982e-19 0 0 0 24.98504218386602 0.0002342997312165771 -7.105427357601009e-17 
0.09999251180485573 9.596961346105568e-05 4.634823842004292e-21 -6.719290497070565e-05 0.0007100036585487016 3.36934286858008e-19 5.921189464829637e-20 2.208608894966441e-18 1.26242763809641e-18 0 0 0 24.99737906932603 0.0002601113991418564 -7.104171157360915e-17 
