0.09012548641324543 -0.00274955363160982 -2.775557561562894e-19 0.09482529482076567 0.5166884466660919 0 -1.657933050106683e-18 2.391081114674063e-18 -5.826444012217786e-19 0 0 0 216.2072263923878 -8.744562502961665 1.136868377216162e-15 
0.08824992500565075 -0.007714709917933583 -4.600876552739326e-19 0.2815850590669353 0.5137920031701987 -1.260097819189416e-17 7.105427357600341e-18 2.576700126209994e-17 4.58760162358516e-19 0 0 0 210.3571308194081 -24.39682968575032 -2.232367522691917e-15 
0.08460046896985406 -0.01299888698983164 2.775557561562894e-19 0.4703130689931323 0.5102536881706308 -1.554312234475221e-17 7.105427357605921e-19 -1.79991158953693e-17 6.103262269319046e-18 0 0 0 199.1094816605637 -38.97077595314683 5.684341886080808e-16 
0.07952444509780165 -0.01691039380348251 0 0.6529412693740793 0.4986223958829729 -6.661338147750928e-18 1.432891878624106e-30 1.615582557953036e-18 9.814286657983237e-18 0 0 0 183.8106040256686 -48.04800306208505 0 
0.07383660644989035 -0.01663538191294606 0 0.8132486526613378 0.4085800923460505 -1.332267629550189e-17 -4.7369515717365e-19 -5.474326272907111e-18 8.780765730339862e-18 0 0 0 167.5952028385572 -45.8397624985782 0 
0.06874206639212911 -0.01443604556009336 0 0.9281370111264073 0.2820743983344169 -2.22044604925034e-17 5.921189464666142e-19 1.397731768024436e-17 8.839886170944549e-18 0 0 0 154.0799713511258 -36.96444714058281 -5.684341886080871e-16 
0.06428786866247378 -0.01191568310743341 -1.387778780781447e-18 1.008892195047925 0.2010297132930512 2.220446049250315e-17 2.723747153746905e-18 2.258464818226988e-18 8.657569148962681e-18 0 0 0 143.1237722497954 -29.15824728573684 -2.842170943040404e-15 
0.06137970754299751 -0.005510572913661619 -8.471505327373744e-19 1.065246336727679 0.168438955302849 8.40577520896938e-19 9.947598300641658e-18 4.463881284083021e-17 9.242724044257735e-18 0 0 0 135.7398472877441 -17.60623201941377 -2.570090832560113e-15 
0.0599896430711355 -0.004965070757262255 3.776914565444452e-20 1.122667536650369 0.126528376866052 1.943332649653532e-17 1.350031197948102e-17 1.928531347771434e-18 9.61056967289507e-18 0 0 0 130.6871073911762 -17.99098468490886 2.679991408865577e-16 
0.05824105234594216 -0.001469627807953987 2.07396327065433e-19 1.169499516678653 0.08061298567412473 -5.924612089954063e-19 1.965834902269467e-17 2.618893612794001e-17 8.30383193484595e-18 0 0 0 125.2780752836353 -12.82030374999041 -6.120360454548872e-16 
0.05747601889436155 0.001580173769033563 1.387778780781447e-18 1.182101139023322 0.1059368324309714 0 2.362554596402072e-17 -3.006704965114712e-17 7.582480155284533e-18 0 0 0 122.2655837719189 5.985774960403132 5.684341886080808e-16 
0.05842689699515995 0.004242043481017983 1.387778780781447e-18 1.201858704636402 0.3072187158792655 0 7.117624632041498e-18 -4.52104674188798e-17 7.373258276478444e-18 0 0 0 121.644234221113 6.483660987849253 0 
0.06709840351272905 0.01441772322140174 1.110223024625158e-18 1.394739154193347 0.6124556938646141 4.440892098500631e-18 -2.477972977273356e-18 2.600889651420036e-18 6.979179254443504e-18 0 0 0 122.1523290575127 8.804814368089486 0 
0.09236395753541632 0.05022420710276182 8.326672684688683e-19 1.94114715514242 1.330712707271091 0 -2.786428495345168e-18 -1.810430047444963e-17 1.229108151656138e-17 0 0 0 126.0963632103757 12.83773896645869 5.684341886080808e-16 
0.1558754257177602 0.1396251272408725 2.220446049250309e-18 3.128179230529273 -0.08949874534783531 -1.776356839400247e-17 -1.423145817051416e-17 -2.002437395836094e-17 1.823597776543663e-17 0 0 0 137.8580294743382 26.61576664753115 0 
0.2225985530752465 0.08604118423665953 0 4.105920494854048 -0.0967278018711358 -1.776356839400252e-17 -1.459751734998505e-17 4.39003763984213e-17 1.490207022963263e-17 0 0 0 129.7405808733617 -30.58662839620427 -5.684341886080808e-16 
0.2363095505495861 -0.1560487991915047 0 2.994219319663482 -0.09730247405586134 -3.552713678800544e-17 1.603057964150579e-18 5.76260443867616e-18 9.200236586358219e-18 0 0 0 62.46870518675237 -68.40727862712014 -2.842170943040435e-16 
0.1631964586785604 -0.2137769065576758 -5.551115123125789e-19 0.8529747370338557 -0.09961986295076708 -2.664535259100379e-17 -2.135300038637418e-19 -1.324169484113825e-19 1.733692954548332e-18 0 0 0 10.93289734032053 -15.53073178935222 0 
0.11579361307777 -0.03947508452219207 -2.775557561562894e-18 0.1136448022467603 -0.03415335083274222 0 2.567390744446215e-20 -4.069328275355897e-19 9.758882367262174e-20 0 0 0 0.8677819766569054 -0.07899574110640205 -4.440892098500631e-18 
0.1018263444795196 -0.001474612706944035 -3.88578058618802e-18 0.003618445282145076 -0.0002268267159446424 0 -4.734349486517145e-22 7.622666256681538e-21 8.423479625185484e-22 0 0 0 0.01007144855532868 -7.185482405976943e-05 0 
0.1000576392739429 -0.0008462586267776861 -3.608224830031763e-18 1.309385440110958e-05 -0.0002256330246910217 6.776263578034411e-23 -3.614007241618343e-24 5.683472060163154e-23 3.956398213810402e-24 0 0 0 0.002504143679322026 -7.175784497251477e-05 8.673617379884046e-21 
0.09999986840559395 2.167256326528535e-06 -1.046669975179786e-22 -1.554186532703755e-08 6.923238027389192e-08 -9.711275138340238e-23 3.614007241610892e-24 -1.207244185854427e-22 7.808634304065092e-24 0 0 0 0.002499995396085528 -2.632824240198457e-08 8.674888894493744e-21 
0.0999999998533334 5.585918620015807e-09 -5.55111512312579e-19 -1.735865326711143e-11 3.218092723873571e-10 9.016494859026757e-23 3.614007241618327e-24 -2.187165401861724e-23 -2.701091476327035e-23 0 0 0 0.002499999994866697 3.44596990916117e-11 -8.673617379884046e-21 
0.1000000000009284 -4.056286556641864e-11 -5.551115142715503e-19 -9.865944126474504e-14 -1.234797839384756e-12 -1.732591494167753e-23 -1.807003620808682e-23 -2.501806377743555e-22 -2.140422848619335e-23 0 0 0 0.00250000000003251 -1.001767570806014e-12 8.673617331503979e-21 
0.09999999999793029 -4.828607132190145e-10 -2.77555756156289e-19 4.347148583224937e-13 3.716312667564464e-12 5.099624618042316e-23 6.788479875998714e-37 -5.197232413527376e-24 -1.063286833342581e-23 0 0 0 0.002499999999927587 -1.202951312780784e-11 -8.673617379884031e-21 
0.09999999999878711 1.012357298685315e-09 -2.472673240725074e-26 -5.30938783215146e-13 2.207848781169237e-12 2.665162967931147e-23 -3.614007241622438e-24 -1.888865190421434e-23 -9.266523618022973e-24 0 0 0 0.00249999999995757 2.474264960668554e-11 8.673616775547116e-21 
0.1000000000011414 1.47556186019803e-10 0 2.670788738314892e-13 -1.998592727855141e-12 -6.871250054574808e-23 -5.059610138266999e-23 -1.955339375928328e-22 1.840616318627384e-23 0 0 0 0.002500000000039953 3.137710902732776e-12 0 
0.1000000000000709 4.396740350270956e-10 5.551115228075058e-19 -1.464300324513081e-13 -2.351140425591118e-13 -9.63694267586176e-23 3.252606517454117e-23 -9.489220046844166e-23 3.461266192182485e-25 0 0 0 0.002500000000002474 1.062028340704379e-11 8.673617633387998e-21 
0.1000000000015395 8.458212429063272e-11 2.22044604925034e-18 -1.853821193788739e-14 -2.766782861437556e-12 8.275942937360906e-23 2.168404344972175e-23 1.476841775193042e-22 1.701498233076717e-23 0 0 0 0.002500000000053881 2.035294133749524e-12 -8.673617379884141e-21 
0.1000000000001596 -3.51590718344899e-10 -8.685156464209864e-27 1.73192486047142e-13 -3.176429791723005e-13 1.766156747708548e-23 1.445602896644592e-23 1.293936128372229e-22 -1.264141422166004e-23 0 0 0 0.002500000000005609 -8.573470980464331e-12 -2.117858436571433e-28 
0.09999999999922976 -4.790612351257571e-12 2.775557561562895e-19 -6.913482656726684e-14 1.397997414358459e-12 -3.565505257668203e-23 5.877471754111439e-39 2.898456987452895e-25 -1.347578978647958e-23 0 0 0 0.002499999999973054 -2.051310510342583e-14 8.673617379884046e-21 
0.09999999999935415 4.715177900904674e-11 0 5.514611475801442e-14 1.183689617400106e-12 -1.394144436709782e-22 1.084202172485205e-23 -8.140746892704633e-23 -2.483662388436586e-23 0 0 0 0.002499999999977411 1.048724366896342e-12 0 
0.1000000000000825 3.328408729186272e-10 3.885780586188036e-18 -1.366497318078529e-13 -1.461236247658075e-13 3.968416103849338e-23 2.168404344970293e-23 -1.044961202381413e-22 3.133667043365874e-24 0 0 0 0.002500000000002887 8.072847403582663e-12 0 
0.1000000000006038 5.551375331647202e-12 0 7.826454345716261e-14 -1.10868912704703e-12 -1.695714555740352e-22 1.445602896647338e-23 -5.407825483758172e-23 7.652507962385718e-24 0 0 0 0.002500000000021148 2.49745970432037e-14 8.673617379884046e-21 
0.1000000000005645 1.64466530672147e-11 -1.11022302422345e-18 -7.382003873921131e-14 -1.039551001838655e-12 7.418972871129821e-24 -2.16840434497099e-23 1.681221653339108e-22 7.836513300521481e-24 0 0 0 0.002500000000019765 4.926397831339632e-13 1.203268066179675e-29 
0.1000000000000806 -2.910143046680477e-10 -8.326672683073216e-19 1.279943889302484e-13 -1.585644284765349e-13 -1.046328846959405e-22 1.481104514936851e-35 -5.29035023650369e-23 -1.087370989684236e-24 0 0 0 0.002500000000002841 -7.067713385031113e-12 3.923369065756471e-30 
0.09999999999975788 -2.834928472528196e-11 2.775557554638608e-19 -9.186012459953857e-14 4.312356633577408e-13 1.438161650214992e-22 5.289724578700295e-38 -2.142948419615199e-24 -1.257100149252634e-23 0 0 0 0.002499999999991535 -5.469745750080742e-13 -8.673617393243849e-21 
0.09999999999996055 -1.676964123120673e-10 0 6.901618188984241e-14 9.440838620398021e-14 2.163117943940005e-24 -2.93873587705572e-39 -1.80505218002585e-26 9.524543447647514e-24 0 0 0 0.002499999999998641 -4.061039156864873e-12 -8.67361737988404e-21 
0.09999999999963466 -2.316809938340834e-12 2.775557561562895e-19 -3.236947608102146e-14 6.625539036953389e-13 -1.179146935070978e-23 2.057115113939003e-38 9.164948496282892e-25 -7.678355400946031e-24 0 0 0 0.002499999999987219 -1.061433926863313e-14 -8.673617379884046e-21 
0.09999999999983743 2.222892009351439e-11 0 9.611034653322666e-15 2.979519096046427e-13 2.082367284111841e-22 5.407274013782523e-37 -1.341156556930861e-23 -3.711749804901406e-23 0 0 0 0.002499999999994325 5.063630721321985e-13 8.673617379884045e-21 
0.1000000000001818 8.241345973714082e-11 1.665334536937733e-18 -4.824400069252896e-14 -3.2270207878879e-13 3.177458893542753e-22 -4.336808689941462e-23 2.092426375073733e-22 -3.621195020550765e-24 0 0 0 0.002500000000006386 2.025110764844466e-12 0 
0.1000000000000618 -7.057236739438373e-11 2.22044604840804e-18 6.1807252140412e-14 -1.148251254607031e-13 -3.885833692411265e-22 -1.807003620808742e-23 -2.202334635303947e-22 5.808278617762006e-24 0 0 0 0.002500000000002165 -1.756613517839291e-12 -8.673617400849042e-21 
0.0999999999999174 5.01410545028502e-11 -2.220446048637966e-18 -4.568205235384907e-14 1.413893892926139e-13 -2.169532081330758e-23 2.891205793295017e-23 -2.173174633318206e-23 -9.169470664482096e-24 0 0 0 0.00249999999999713 1.24675524895354e-12 1.522594021806537e-29 
0.1000000000000692 -2.970644563671248e-11 -2.220446049250315e-18 2.870839630834704e-14 -1.18468238312355e-13 1.450901198539142e-22 -2.529805069132974e-23 -1.299882511458648e-22 1.560520512992183e-22 0 0 0 0.002500000000002417 -7.478094749338593e-13 8.673617379884042e-21 
0.09999999999994874 1.517375634862982e-11 2.220446049342968e-18 -1.524341116295283e-14 8.674106640075943e-14 5.653461130261111e-23 -1.445602896647368e-23 -5.048863147029508e-23 1.445590876973654e-22 0 0 0 0.002499999999998222 3.964696951817835e-13 -8.673617377463103e-21 
0.100000000000032 -4.6446353707541e-12 2.83611962127978e-29 5.930650646505638e-15 -5.580673983452718e-14 -9.761059559668636e-23 1.445602896647232e-23 1.334999884571444e-22 1.501024563205174e-22 0 0 0 0.002500000000001133 -1.243810284802526e-13 -8.673617379124533e-21 
0.1000000000000036 -1.980186847827525e-13 2.775557561562895e-19 -2.810443775850632e-15 -9.410254285757927e-15 8.077473822957601e-23 4.701977403289149e-38 -1.33313424972079e-23 1.474314809882117e-22 0 0 0 0.002500000000000153 -8.782037597132584e-16 -8.673617379884046e-21 
0.1000000000000035 -7.912811031407509e-12 -2.775557561804479e-19 2.888586823438906e-15 -6.146222201274354e-15 3.25530078546745e-23 1.08420217248562e-23 -1.210321335037337e-22 9.358379197555447e-23 0 0 0 0.002500000000000132 -1.825742248356965e-13 -5.574197973181212e-31 
0.09999999999998363 -1.608478975012595e-12 2.775557561527177e-19 -6.254045892273518e-16 2.950271746556647e-14 8.158496152206508e-23 -2.350988701644575e-38 -3.86855586936808e-24 1.526731172807175e-23 0 0 0 0.002499999999999423 -4.605148727632179e-14 -1.022548429848098e-31 
0.09999999999999612 7.219051745277484e-13 -5.551115123125785e-19 -8.13670196035209e-16 6.684341530971204e-15 -8.159255134764911e-23 -1.445602896647345e-23 1.275635485681741e-23 8.017170514431805e-24 0 0 0 0.002499999999999877 2.261916782347884e-14 0 
0.1000000000000123 -1.018282680398386e-13 -5.551115123125785e-19 -1.036305300831466e-15 -2.263673067438797e-14 1.402160569860486e-23 2.350988701644574e-38 7.3664553782518e-25 1.590464590089697e-23 0 0 0 0.00250000000000045 -3.27971157176865e-16 0 
0.09999999999999425 -5.981933698384626e-12 2.775557561562892e-19 3.094855621776886e-15 9.767103170151993e-15 2.59611058079213e-23 -7.346839692639298e-39 -2.593617189256256e-24 -3.148948880914683e-24 0 0 0 0.002499999999999811 -1.365118955376499e-13 0 
0.09999999999998842 2.496136977669929e-12 -2.220446049242693e-18 -2.468847811372843e-15 1.897596801097625e-14 -1.248436686107076e-22 4.336808689941976e-23 -6.696209116505202e-23 1.394988948930005e-22 0 0 0 0.002499999999999614 6.782904316340881e-14 8.673617380091129e-21 
0.100000000000025 -1.423340612038969e-13 0 -1.654070399167057e-15 -4.55115686738338e-14 1.597275649643092e-23 3.761581922631319e-37 -2.590488933047792e-24 1.416173752304045e-22 0 0 0 0.002500000000000897 -5.963111948670268e-16 0 
0.09999999999999985 -1.04917810550553e-11 0 4.498100734477236e-15 1.881821774604288e-15 2.279048974125723e-25 0 5.312440589899871e-25 1.264181246587351e-22 0 0 0 0.00250000000000001 -2.505862271157115e-13 0 
0.09999999999991961 3.518019209280975e-13 -2.77555756156289e-19 4.479287080139119e-15 1.497826151509279e-13 -1.91711103324722e-23 9.403954806578302e-38 1.256333599565002e-23 1.190210698595914e-22 0 0 0 0.002499999999997202 2.019326546254258e-15 0 
0.09999999999983658 3.202147748349039e-11 -1.665334536937734e-18 4.928517085191267e-15 2.861687421798977e-13 -1.422222356598424e-23 3.614007241618298e-23 1.224591633772635e-22 1.744978317486875e-23 0 0 0 0.002499999999994279 7.582774469092061e-13 8.673617379884033e-21 
0.1000000000002435 8.223664804685198e-11 0 -5.068610438772587e-14 -4.290741401939483e-13 1.674066869544281e-22 -1.084202172484586e-23 1.05409025800956e-22 1.382033707574502e-23 0 0 0 0.002500000000008548 2.02446566455184e-12 8.67361737988404e-21 
0.0999999999999588 -9.074923972007863e-11 2.77555755048018e-19 8.267401740054503e-14 6.871574671506293e-14 -8.727853371921519e-23 -2.380376060415132e-37 6.081896143779689e-24 -5.80876155719109e-24 0 0 0 0.002499999999998575 -2.265544793867574e-12 8.673617352216167e-21 
0.0999999999998553 1.015665850034873e-10 0 -7.102314292238491e-14 2.425036531564456e-13 -1.760398267155182e-23 -7.228014483233194e-24 2.462552012527679e-23 -5.297021414875353e-24 0 0 0 0.002499999999994956 2.521583202658159e-12 0 
0.1000000000004262 -2.126779655164944e-11 0 6.941613487733488e-15 -7.60290208503015e-13 -1.729494862074203e-24 -1.08420217248544e-23 -1.115194377931969e-22 1.445524922868152e-23 0 0 0 0.002500000000014933 -5.033381480709639e-13 -8.673617379884045e-21 
0.1000000000000369 -1.150285595941103e-10 2.775557575610698e-19 3.676598192559612e-14 -9.418799912885218e-14 -4.943270428821781e-23 -2.168404344970943e-23 -4.366756956972377e-23 -2.094411834955209e-23 0 0 0 0.002500000000001325 -2.786371122980718e-12 3.402842713472228e-29 
0.1000000000002242 -4.712259228656388e-11 2.775557572810961e-19 -5.777875955458476e-14 -4.00207263123665e-13 -1.281892418155667e-22 3.614007241617774e-24 8.519312799728621e-23 -1.349102995086726e-23 0 0 0 0.002500000000007848 -1.029062360498327e-12 -8.673617355320537e-21 
0.09999999999992068 -2.293681303916506e-10 2.775557616312586e-19 9.177034757110999e-14 1.546997854145776e-13 1.592434385331909e-22 -6.31828213566979e-38 6.321259055553796e-25 -1.963654092781862e-24 0 0 0 0.002499999999997224 -5.57715223829805e-12 1.331254807761614e-28 
0.09999999999947222 -2.844859764428177e-12 0 -4.162702659423384e-14 9.737259249056065e-13 1.160458176515793e-22 -1.175494350822288e-38 -2.017974139535849e-25 -1.027596951984487e-23 0 0 0 0.002499999999981551 -1.232466819572902e-14 -8.673617379884046e-21 
0.09999999999935338 4.721357853287841e-11 7.216449660063525e-18 5.502665383537866e-14 1.17553489784058e-12 2.338616251091793e-22 -5.782411586589373e-23 3.08401544908613e-23 -1.41452077787984e-23 0 0 0 0.002499999999977379 1.049475176900788e-12 0 
0.1000000000000816 3.328345411779408e-10 1.665334536937734e-18 -1.36630432662238e-13 -1.4755578512967e-13 -2.843774002198213e-22 2.529805069134064e-23 -1.744374527702732e-22 -3.952391896777767e-24 0 0 0 0.002500000000002886 8.072869087626134e-12 8.673617379884031e-21 
0.1000000000006442 5.167654498761131e-12 0 7.370892091129721e-14 -1.189339134489904e-12 -1.367492476939545e-22 -1.445602896647338e-23 5.489736836924416e-23 -1.106142726826397e-23 0 0 0 0.002500000000022562 2.277908764392054e-14 0 
0.1000000000007669 -6.19122808576125e-12 -5.55111512312579e-19 -8.747306073919589e-14 -1.401648509022944e-12 -9.585783336364339e-26 2.644862289350147e-38 4.124448340842338e-24 8.320452592297454e-24 0 0 0 0.002500000000026857 -2.787212734917122e-14 -8.673617379884046e-21 
0.1000000000000437 -3.944928585186673e-10 -5.551115027866191e-19 1.68333199000274e-13 -3.89601311061011e-14 1.731551221078313e-22 7.22801448321841e-24 3.936362658661157e-23 9.674426578733448e-25 0 0 0 0.002500000000001533 -9.584555913690019e-12 2.314416337720418e-28 
0.09999999999825913 -1.888684521278422e-11 4.560672765863824e-28 3.196556746147145e-14 3.118839420657451e-12 1.249066498470168e-22 2.204051907791789e-38 -2.414540486933512e-24 -4.452448672368322e-24 0 0 0 0.002499999999939064 -4.928186764924193e-13 -8.673617367983876e-21 
0.09999999999996111 4.980708553925529e-10 5.55111512312578e-19 -2.229828927983311e-13 8.971807189595957e-14 -1.040818211392362e-22 4.698209414098762e-23 -1.356388759826526e-22 2.035595518302317e-23 0 0 0 0.002499999999998661 1.210012179429096e-11 0 
0.1000000000012118 5.778190426131171e-12 0 8.299829897436439e-14 -2.206778860949007e-12 1.763238166413979e-24 0 -2.764797473501964e-24 2.339915811475346e-23 0 0 0 0.002500000000042423 2.460325779912741e-14 0 
0.1000000000009295 -1.318881635847806e-10 0 -5.133482088477305e-14 -1.704610778383067e-12 1.175543799633517e-22 -1.445602896647809e-23 9.788359802394102e-23 1.711027579583187e-23 0 0 0 0.002500000000032543 -3.065012436562192e-12 8.673617379884046e-21 
0.09999999999975709 -4.799236095337477e-10 -1.145567818935994e-26 1.826490750310637e-13 4.415122799506784e-13 -1.194346543544532e-22 -3.585257770007974e-37 1.585077290028962e-24 1.673905973378908e-23 0 0 0 0.002499999999991496 -1.163464534133582e-11 -2.777165995379242e-28 
0.09999999999890462 -6.367042310051501e-12 -2.775557561562895e-19 -8.714480687991663e-14 1.974374253277338e-12 -9.165730833013549e-23 -2.057115113939003e-38 -5.27188543142282e-25 -3.686691364085709e-24 0 0 0 0.00249999999996167 -2.974779710757115e-14 0 
0.09999999999992004 8.355785681424291e-11 8.024419589283148e-27 -2.679611810218263e-14 1.690881781920649e-13 4.921158241333449e-23 -3.614007241619411e-24 -2.649614699802912e-23 4.520198798429232e-25 0 0 0 0.002499999999997221 2.027807717748529e-12 1.947390777359813e-28 
0.1000000000003992 4.040032197671884e-11 1.92869480941539e-27 -2.641431679867275e-14 -8.038929273588218e-13 -4.746099014858891e-23 -3.614007241617157e-24 4.098007220704513e-23 -1.62637560302344e-23 0 0 0 0.002500000000013972 1.004834507701413e-12 -8.673617331913659e-21 
0.1000000000022733 -1.421366063042459e-10 -6.785543317325373e-27 -1.840595731380961e-13 -4.075438081043346e-12 6.52256240886395e-23 -3.614007241620478e-24 4.317775642053008e-23 -1.496582478575765e-23 0 0 0 0.002500000000079579 -3.125149065311876e-12 8.673617230690709e-21 
0.09999999999967134 -1.123335712643876e-09 -2.775557022169124e-19 4.756514002109591e-13 5.757391161889196e-13 -5.742271593729162e-23 -6.523993647063686e-37 1.797665291019638e-24 -1.431186307885097e-23 0 0 0 0.002499999999988524 -2.731598313428886e-11 1.311635545240257e-27 
0.09999999999792449 2.218347033844369e-11 1.059029780040665e-27 -2.794274397513518e-13 3.622229952954435e-12 5.621059682699308e-23 -3.614007241617387e-24 1.088383509879905e-22 -2.649976996322871e-25 0 0 0 0.002499999999927363 9.377020644338268e-13 4.476551215343805e-29 
0.1000000000279837 1.782700723151856e-10 5.55111512312585e-19 -3.256830886690402e-12 -4.270904462522757e-11 2.538814401555608e-22 -1.084202172484622e-23 -1.339704783888088e-22 3.445788462142461e-23 0 0 0 0.002500000000979434 1.47924044974903e-11 8.673617379884141e-21 
0.1000000066870182 -8.952255317259998e-08 0 -7.931162289221787e-10 8.215899692081418e-09 -3.461770250580031e-22 1.763241526233432e-38 1.507037957140182e-23 -1.164074581453801e-23 0 0 0 0.002500000234042764 -6.828772681870293e-10 8.673617379884046e-21 
0.09999640726222858 -6.159321472797506e-05 -3.050172882897662e-18 4.213913552497502e-07 6.783392978875375e-06 -5.483001310421972e-22 5.421010862428056e-23 1.183595185855784e-22 -8.303498683346413e-24 0 0 0 0.002499874687141822 -1.627662756668632e-06 7.770395275746993e-23 
0.100391638908929 0.0004686440083440022 -2.775557561562887e-18 -0.0001377581526558835 -0.000796424992294659 -1.084202172485503e-21 -1.927810735348554e-35 -1.258145571271686e-22 1.054251572461529e-23 0 0 0 0.002556539448897099 0.0008241085026443315 -8.673617379884022e-21 
0.1055284424803336 0.0004923036198089245 -2.220719332657225e-18 -0.01021211822128031 -0.0008078320790113107 3.514290640661076e-20 -3.975407965780492e-22 -5.330472153389223e-21 1.428267288226667e-22 0 0 0 0.02202924028579645 0.0008250230547884214 6.893095924343603e-20 
0.1257086732556953 0.0004936235640950873 -2.220446049250316e-18 -0.1258461169230025 -0.0008078658320920285 0 8.062850156050534e-21 1.052505957944538e-19 2.452154942533469e-21 0 0 0 0.6246670420663143 0.0008250231929310438 0 
0.1458256192052515 0.0004977152337183446 -3.885780586188053e-18 -0.4399065717614487 -0.0008078735712083207 2.220446049250316e-18 7.318364664277184e-21 2.082803154262612e-20 3.563246879754862e-21 0 0 0 3.940060590419057 0.000825023197101319 0 
0.1258219293261625 0.000476157548136679 -3.862784699499921e-18 -0.6266122201726566 -0.0008080966642783722 -3.902678724200163e-20 1.264324293407343e-19 -3.014385633129871e-19 2.63867448593772e-20 0 0 0 9.294572305748568 0.0008250232025358528 -3.548729253864927e-17 
0.08227530647597876 0.0004627296701364988 -2.775557561562895e-18 -0.4891927443751043 -0.0008060473307876271 -2.220446049250316e-18 -1.036208156316812e-19 3.833071831919247e-19 1.028785175664309e-20 0 0 0 12.49930732499367 0.0008250239096785385 0 
0.06477902111784999 0.0007206959052021849 -3.053113317719158e-18 -0.3022466267759341 -0.0007958064296740393 -5.551115123125741e-18 -1.924386576016646e-19 -6.041794303391905e-19 -3.608198117847409e-20 0 0 0 14.9513385442759 0.0008250244389884609 7.10542735760095e-17 
0.07686544843940819 0.0008464376565004521 -3.649103284051074e-18 -0.21438015590295 -0.000786706334318303 -5.513121375485718e-18 -5.921189464664188e-20 7.775718921128109e-19 -8.899178252065931e-20 0 0 0 17.77368323378451 0.0008250244614982316 -3.984431015699243e-20 
0.08632874658843642 0.001025227723169563 -3.885780586188053e-18 -0.1398884439115329 -0.000784986370931188 -4.99600361081321e-18 9.930576275746687e-35 -7.002680664313835e-19 -1.618788291983096e-20 0 0 0 20.52911218667207 0.0008250244834640021 0 
0.09262853656718746 0.001279035169886715 -4.44089209850068e-18 -0.08058089619965624 -0.0007831533542112462 -4.996003610813265e-18 -1.184237892933511e-19 -1.329990403432243e-18 2.134020574806871e-19 0 0 0 22.50894555241383 0.0008250245248975027 0 
0.09639464007614407 0.002253476602671291 -4.163336342344342e-18 -0.04107552142096144 -0.0007784894385606169 -4.857225732735066e-18 5.92118946466764e-20 -1.35616750383509e-18 -9.552591060141749e-20 0 0 0 23.75675130521734 0.0008250246897656603 7.105427357601009e-17 
0.09840864785951732 0.00740173332035482 -5.551115123125774e-19 -0.01855412395721761 -0.0007559377131665507 -4.996003610813197e-18 8.881784196934076e-20 -4.59592115283543e-19 -4.868325975352696e-20 0 0 0 24.44545614820196 0.0008250256513298037 0 
0.09936802599338944 0.004372673668523644 -2.775557561562895e-19 -0.007453210921814233 -0.0005895674343191376 -4.99600361081321e-18 5.625129991434119e-19 8.986231067193977e-19 4.805341424111352e-21 0 0 0 24.77900264200651 0.0008250334341264355 7.105427357601011e-17 
0.09977312532368668 0.002670897714977573 1.275075620022335e-19 -0.002668514655556171 0.0002073327835029029 -4.196806447153567e-18 1.184237892933265e-19 -6.466445853401976e-19 4.900398628700432e-20 0 0 0 24.92050821911404 0.0008251308152740178 3.939140686613252e-20 
0.09992540758600144 0.001000715717764165 0 -0.0008162487655259918 0.0007040071623803512 -3.729655473350139e-18 5.921189464666138e-20 -2.062057023241405e-19 2.302219902275711e-19 0 0 0 24.97387792161406 0.0008268139588984855 0 
0.09998037681876348 0.0002298759642625845 1.110179109245141e-20 -0.0001605547153599639 0.001561381100228225 -7.999512947360132e-19 5.921189464866538e-20 1.726119935001242e-18 1.447705508966861e-18 0 0 0 24.99313132881381 0.0009121233698339927 -7.101022285006372e-17 
