0.09938909553142829 -0.001161316026685165 -2.775557561562894e-19 0.0137019932831842 0.1148544665542334 0 -1.657933050106859e-18 2.771398996728738e-18 -9.004526603687953e-19 0 0 0 247.8681538278379 -4.216857202023245 0 
0.09862746406670252 -0.003279683300777746 1.583913262590909e-19 0.0471476447451331 0.1428292235027688 -2.179446870054717e-18 5.684341886081107e-18 -1.261967892766731e-18 -8.770207090612732e-19 0 0 0 245.2244019482692 -11.34697242307177 -5.888697303073382e-16 
0.0969171072946273 -0.006472158766627552 2.775557561562894e-19 0.1104115289992993 0.2416627355337669 -9.992007221626419e-18 4.736951571734667e-19 -6.130461166690846e-19 6.362188172995809e-19 0 0 0 239.3287950587567 -20.61085267129696 -1.136868377216162e-15 
0.09405822000656557 -0.01238029068538284 0 0.2137705886875416 0.341463668866017 -1.776356839400248e-17 8.551128953079339e-32 -4.982180306197629e-19 2.681166365970812e-18 0 0 0 229.5535587596993 -31.4426839694033 1.136868377216159e-15 
0.08984751308165227 -0.0204703195082001 0 0.3590590072750758 0.4564401111719401 -1.332267629550189e-17 -9.473903143468625e-19 -6.847582738942139e-18 3.577673925416653e-18 0 0 0 215.5422521920043 -46.18102058976793 -1.136868377216162e-15 
0.08352224573693055 -0.02359561185151619 0 0.55860099206754 0.5926140098336784 1.332267629550204e-17 7.105427357602424e-19 2.870922774086291e-18 4.0408083977277e-18 0 0 0 195.6082985516478 -62.11201140887372 0 
0.07611636756705455 -0.008670253289035349 2.775557561562894e-19 0.7757677528311561 0.7140096444459624 0 2.368475785866941e-19 -1.76390653238821e-18 5.408982303637431e-18 0 0 0 173.6409095102991 -64.86055498475602 5.684341886080808e-16 
0.06856945752120504 -0.01448351413777588 1.363255152368603e-19 0.9520363731387042 0.7343211718201824 4.709450737518495e-19 1.776356839400098e-18 1.210340535634498e-18 9.360697029903968e-18 0 0 0 151.8037087217423 -38.71071488517131 -2.699439849360315e-15 
0.0643079116358319 -0.0124225111152689 -4.482995476417717e-20 1.060169286743599 0.2943205338831001 -1.687212233934536e-17 7.93439388267676e-18 5.038393191015958e-17 9.345313148350705e-18 0 0 0 136.8428176763537 -29.51287319592926 -3.130617969330121e-15 
0.06237377507626196 -0.02446644805051637 4.973163368091576e-19 1.128755755277663 -0.7718450561839201 -6.349291916219871e-17 6.86857977901337e-18 -4.902286740745187e-17 6.328884426887593e-18 0 0 0 130.5554133974761 -85.2048935886353 -5.204515068148256e-15 
0.05986424555873886 -0.03893819192981168 2.775557561562894e-18 1.186057778779727 -0.9431135985889991 1.332267629550189e-17 -3.375077994861453e-18 -1.266904412363916e-17 2.200749463797455e-18 0 0 0 124.6670008080279 -101.5133984812916 2.273736754432323e-15 
0.0715573564015944 0.07701393385468751 2.498001805406605e-18 1.520462089219187 1.24408961804414 0 -6.02741597952037e-18 -2.650124098881135e-17 5.103196059305511e-19 0 0 0 123.6679944758898 12.08088850995375 5.684341886080809e-16 
0.1202131383286012 0.09654449618100755 0 2.367875891287258 2.019212049438127 -5.329070518200757e-17 -1.763621800682252e-17 -3.134932128693728e-17 3.602442474871533e-18 0 0 0 124.1454089620813 5.013864205889198 0 
0.175183432516969 0.02809947741592957 3.330669073875473e-18 2.887369155259776 -1.658420423655856 -8.881784197001262e-18 -2.084605636258029e-17 4.29556920555346e-17 6.868821627433102e-18 0 0 0 101.0935481907701 4.770984790971975 0 
0.183138688295109 -0.06941829528890286 3.330669073875464e-18 2.068635347900425 -4.946367021872579 -1.332267629550186e-17 -1.002741365057944e-17 4.103031811255795e-17 4.86795669069259e-18 0 0 0 50.02819854007407 4.649889928961587 0 
0.1453524709293129 -0.1611322943445821 4.99600361081321e-18 0.6673652347288567 -0.7246645378836357 2.220446049250315e-18 -1.015789015401784e-18 6.771204149892319e-18 9.296559321580183e-19 0 0 0 9.951560631720897 -2.051074128952899 0 
0.1098301123403493 -0.02711459455219752 0 0.06767132806679398 -0.02010688348779008 0 6.031055284813176e-20 -9.361542721300354e-19 3.735021364898941e-20 0 0 0 0.4922469149635786 -0.03706819562873476 0 
0.1011103719179237 -0.0004396404120561861 5.551115123125789e-19 0.001854454180870054 -6.49065672505022e-05 -8.673617379884045e-21 -6.649773324577652e-22 8.366047947561183e-21 2.639072312312645e-22 0 0 0 0.005730756105961237 -1.901765309332704e-05 1.734723475976809e-20 
0.1000210461898206 -0.0003613719211205764 0 3.662972949598697e-06 -6.35763128619381e-05 -1.270549420881452e-22 -1.807003620809292e-23 2.294277920601371e-23 -1.553073762524844e-23 0 0 0 0.002501076948223472 -1.886083417747478e-05 8.673617379884045e-21 
0.09999998002464618 2.466090291176882e-07 0 -2.362274242860424e-09 -3.267088657162369e-08 7.088937849579395e-23 -3.614007241610515e-24 -7.052596756922432e-23 1.514580881440322e-23 0 0 0 0.002499999300927976 -1.186289897965679e-08 8.673617379883971e-21 
0.09999999997850666 7.098165805130592e-10 -5.55111512312579e-19 -2.509276160929849e-12 2.285904007395427e-12 -2.347273622135537e-23 -1.44560289664734e-23 1.83505883677091e-22 6.733873210582749e-24 0 0 0 0.002499999999247735 -2.548002499096213e-12 0 
0.09999999999997107 1.330584947778483e-10 -6.426020296808508e-27 -4.009356550464458e-14 2.907232939558396e-16 3.066319528046884e-23 3.614007241615929e-24 -6.86546522689464e-23 6.112803765859449e-24 0 0 0 0.002499999999998993 3.247986460948992e-12 -1.568605368388113e-28 
0.1000000000002111 7.783704236707966e-13 5.55111512312579e-19 1.245750771058003e-14 -4.156925643815333e-13 7.632883065931546e-25 -5.877471754111439e-39 -2.270811174644959e-24 -1.733580138211619e-23 0 0 0 0.002500000000007407 2.832478175618392e-15 0 
0.1000000000006396 -4.888962498728123e-11 -2.361109848688354e-27 -6.14888591432376e-14 -1.171160325187753e-12 -3.730377365093108e-23 -2.891205793294552e-23 -2.140200827726371e-22 -1.269173584981109e-23 0 0 0 0.002500000000022396 -1.100977490599302e-12 -8.673617433055424e-21 
0.09999999999864385 -5.152517301709749e-10 2.77555756156289e-19 2.894636380123312e-13 2.553373228311534e-12 -4.620235890666973e-24 3.526483052466864e-38 -1.463357208230824e-24 -5.899416356755026e-24 0 0 0 0.002499999999952553 -1.284671425228621e-11 0 
0.09999999999920461 1.069288407817833e-09 -5.551115384298467e-19 -3.535917757659693e-13 1.510550161692892e-12 6.49713388966515e-23 -3.614007241619547e-24 -1.017387603896625e-24 -3.858973442194839e-24 0 0 0 0.002499999999972176 2.636393843036605e-11 -6.439367322342315e-28 
0.1000000000007471 1.463101775150958e-10 5.55111512312579e-19 1.775119586044315e-13 -1.384249726436581e-12 -5.049777406209171e-23 -5.059610138265969e-23 -2.443310704687803e-22 1.856263641811462e-23 0 0 0 0.002500000000026152 3.294060987521479e-12 0 
0.1000000000000481 4.618590666166679e-10 1.10244812526287e-26 -9.747930356427865e-14 -1.38820711400868e-13 1.11910440597204e-23 3.252606517455808e-23 -1.119036596126041e-22 -7.675967681595753e-24 0 0 0 0.002500000000001676 1.13017098934618e-11 2.697694986391363e-28 
0.1000000000010091 8.858252673049592e-11 -5.55111512312585e-19 -1.232571891779391e-14 -1.900704366755286e-12 6.972988069747821e-23 1.08420217248613e-23 1.385603389443708e-22 1.933198081573319e-24 0 0 0 0.002500000000035316 2.164509348666346e-12 0 
0.1000000000001051 -3.712420995616335e-10 5.551115031419841e-19 1.154926601114123e-13 -2.119345310878763e-13 -5.988108450614906e-23 -1.144931497700909e-35 7.272963184680324e-23 -1.656958225774422e-23 0 0 0 0.002500000000003692 -9.136112276864826e-12 -2.256844690687235e-28 
0.09999999999949513 -3.176538893034944e-12 2.775557561562895e-19 -4.589246876037419e-14 9.573638548110588e-13 4.182758447040042e-23 1.616304732380646e-38 -3.480271942178422e-25 -4.0104901851612e-24 0 0 0 0.002499999999982338 -1.293182141232091e-14 8.673617379884046e-21 
0.09999999999957651 4.766447653237168e-11 0 3.659141138239609e-14 8.082129140532606e-13 -7.990747732992268e-23 1.084202172485336e-23 -8.302473777820028e-23 -6.770352372617918e-24 0 0 0 0.002499999999985186 1.106875550417601e-12 -8.673617379884046e-21 
0.1000000000000539 3.50528026743513e-10 2.775557561562883e-18 -9.106909485783627e-14 -1.00848463268036e-13 1.111845182376153e-22 7.228014483237546e-24 -3.225961004246033e-24 1.094851308239051e-23 0 0 0 0.002500000000001888 8.59684773455577e-12 -8.673617379884009e-21 
0.1000000000003961 3.65341437658097e-12 0 5.201074108433317e-14 -7.56941342666162e-13 -2.612275938656761e-22 1.445602896647338e-23 -5.574031308471107e-23 8.858851583256265e-24 0 0 0 0.00250000000001387 1.546072297964336e-14 0 
0.1000000000003703 1.912346149490761e-11 4.670887597679396e-28 -4.905370253513037e-14 -7.090497564073397e-13 7.936553503632039e-23 -3.61400724161858e-24 -1.60995554910086e-23 2.692658997896379e-24 0 0 0 0.002500000000012967 5.336321120229245e-13 8.673617392917959e-21 
0.100000000000053 -3.066625078873572e-10 2.775557563265209e-19 8.525402490449419e-14 -1.062565373301725e-13 -1.023170120077857e-22 8.572292553371536e-36 -5.566201057286516e-23 -3.357979107156358e-24 0 0 0 0.002500000000001871 -7.527104753293094e-12 8.673617384062413e-21 
0.09999999999984145 -2.693370700079798e-11 -6.578532763174619e-28 -6.109325129122423e-14 2.969456088470062e-13 1.411101738301533e-22 2.350988701644576e-38 -1.274437005017443e-24 3.283139841909186e-24 0 0 0 0.002499999999994455 -5.670648412642306e-13 -8.673617393734552e-21 
0.09999999999997373 -1.765192159108853e-10 2.775557561562893e-19 4.593398184963323e-14 5.97245593473231e-14 5.079658384448109e-25 0 -5.687936701568598e-27 5.365397423134959e-24 0 0 0 0.002499999999999097 -4.323562449899649e-12 -8.67361737988404e-21 
0.09999999999976049 -1.518229986174908e-12 2.775557561562895e-19 -2.152685090369328e-14 4.539085101104332e-13 -6.914890168017772e-23 0 9.756731463080471e-25 -1.455135718180696e-23 0 0 0 0.002499999999991621 -6.483528991463343e-15 8.673617379884046e-21 
0.09999999999989341 2.295871825985783e-11 5.551115123125789e-19 6.332920530576938e-15 2.033469450014588e-13 -3.805766326408411e-23 4.466878533124693e-37 -1.808603783450497e-24 -2.682073857685747e-23 0 0 0 0.002499999999996279 5.373251756729533e-13 0 
0.100000000000119 8.718178089173208e-11 2.775557561562889e-18 -3.212595074224472e-14 -2.228116117982819e-13 3.739625731527681e-22 -3.252606517456487e-23 7.238559837277301e-23 -1.070582850753371e-24 0 0 0 0.002500000000004181 2.158557078739414e-12 8.673617379884027e-21 
0.1000000000000407 -7.524423792371066e-11 2.220446048352282e-18 4.114859841753053e-14 -7.812052718997897e-14 -2.006926611608147e-22 -1.445602896647253e-23 -9.773497330588586e-23 2.702784314952523e-24 0 0 0 0.002500000000001421 -1.87550441756862e-12 8.673617357500088e-21 
0.09999999999994591 5.347527975985143e-11 -5.551115116595133e-19 -3.039123859978623e-14 9.836919349428187e-14 -1.71768528550321e-22 3.6140072416209e-24 1.121054053587061e-22 -2.16177674053351e-23 0 0 0 0.002499999999998121 1.331012665535535e-12 1.625492998079778e-29 
0.1000000000000452 -3.171642636023991e-11 -2.498001805406604e-18 1.909676953608016e-14 -8.259566365995099e-14 2.093182120942692e-22 -2.529805069132946e-23 -2.98761993525873e-23 1.04308355093346e-22 0 0 0 0.00250000000000158 -7.984552689160885e-13 0 
0.09999999999996644 1.621662873430018e-11 9.902241031439885e-29 -1.013847871396839e-14 6.051095546521539e-14 -1.969982685064412e-23 -7.228014483236604e-24 -2.410171200111374e-23 8.309119205722923e-23 0 0 0 0.002499999999998837 4.233497775431304e-13 2.585069687740768e-30 
0.1000000000000209 -4.983513601786169e-12 5.551115123430086e-19 3.940435246615169e-15 -3.877104303536725e-14 1.354455234293685e-24 1.445602896647307e-23 1.52994137774595e-22 8.797366927403398e-23 0 0 0 0.002500000000000743 -1.328974365451262e-13 8.673617380695535e-21 
0.1000000000000024 -1.302777330458582e-13 0 -1.867043788091509e-15 -6.167396347259831e-15 -2.614153773447807e-25 0 -1.395371188159627e-23 1.092085337310209e-22 0 0 0 0.002500000000000103 -5.556536133988209e-16 0 
0.1000000000000024 -8.323810390953314e-12 -2.541353635878887e-29 1.924422195672324e-15 -4.329534165369968e-15 -6.219170901932376e-24 1.084202172485573e-23 -1.393199541833126e-22 4.799604055163108e-23 0 0 0 0.002500000000000086 -1.943622129560452e-13 -5.934098608374731e-31 
0.09999999999998926 -1.651890429998914e-12 2.775557561526213e-19 -4.152789223610493e-16 2.028937324509754e-14 9.46381640063203e-23 -5.877471754111438e-39 -2.348698643609681e-24 1.322133861612044e-23 0 0 0 0.002499999999999622 -4.884059736504075e-14 8.673617379775591e-21 
0.09999999999999744 7.733397255904607e-13 0 -5.444478201610519e-16 4.565297526040489e-15 -8.56812070806479e-23 -1.763241526233431e-38 1.365681198175945e-23 9.069716248078023e-24 0 0 0 0.00249999999999992 2.418583996272039e-14 0 
0.100000000000008 -6.704706234650358e-14 0 -6.894235182741677e-16 -1.564650421478158e-14 1.499195982440146e-23 8.816207631167155e-39 3.602258850476375e-25 8.039638349157763e-24 0 0 0 0.002500000000000294 -2.005774019098183e-16 8.673617379884039e-21 
0.0999999999999962 -6.311704631167817e-12 0 2.061568508497171e-15 6.73441499368735e-15 -2.664659323627383e-23 -2.938735877055719e-39 -1.477499728103293e-24 -4.178631706922869e-24 0 0 0 0.002499999999999875 -1.455189050855733e-13 8.673617379884037e-21 
0.09999999999999241 2.682923327945731e-12 -1.665334536929544e-18 -1.646084194876574e-15 1.322463219370863e-14 -1.806477075362411e-23 1.084202172485483e-23 -1.126463879121346e-22 9.225296496030134e-23 0 0 0 0.002499999999999747 7.249924402139013e-14 8.673617380105387e-21 
0.1000000000000164 -9.194034422677068e-14 -5.551115123125784e-19 -1.100822442460606e-15 -3.139656278634809e-14 -4.808302381510019e-25 4.701977403289149e-38 -1.474091209956064e-24 8.533938574739325e-23 0 0 0 0.002500000000000588 -3.632077277826436e-16 0 
0.09999999999999985 -1.106415306595384e-11 2.775557561562895e-19 3.005894144703089e-15 8.166730850830751e-16 5.339717425906892e-26 0 3.768254116675755e-25 6.604388945953136e-23 0 0 0 0.002500000000000006 -2.670173110397292e-13 0 
0.09999999999994719 2.20917034665647e-13 -2.77555756156289e-19 2.995584567437128e-15 1.01617303760994e-13 8.529868149830269e-24 0 1.272373282395197e-23 6.815313698294306e-23 0 0 0 0.002499999999998165 1.160096324559493e-15 0 
0.09999999999989308 3.324675604265972e-11 0 3.24476464216145e-15 1.982099077299083e-13 -6.243980098755081e-23 1.445602896647273e-23 -6.799942833773375e-23 1.285137810493107e-23 0 0 0 0.002499999999996257 8.049848764998817e-13 8.673617379884033e-21 
0.1000000000001594 8.706017677606621e-11 -5.551115123125786e-19 -3.373657580149569e-14 -2.968289766983257e-13 1.636113832334077e-22 -1.08420217248513e-23 1.396144847685305e-22 8.060309251554314e-24 0 0 0 0.002500000000005597 2.158090871805247e-12 -8.67361737988404e-21 
0.09999999999997324 -9.683885637823454e-11 -1.18264000832433e-27 5.504196311696983e-14 4.811873784968815e-14 -9.194045276678309e-23 -6.906029311080938e-38 3.001234709077352e-24 -4.704108383477301e-24 0 0 0 0.002499999999999068 -2.419379529616112e-12 -2.954655944995244e-29 
0.09999999999990548 1.078138446575226e-10 0 -4.730275338093373e-14 1.70102873193978e-13 -1.667585032988908e-23 -7.22801448323426e-24 2.70177048394896e-23 -1.036487180583961e-23 0 0 0 0.002499999999996707 2.689710433545486e-12 8.67361737988404e-21 
0.1000000000002792 -2.229032930456397e-11 -2.775557561562894e-19 4.59491727075055e-15 -5.237526644772086e-13 -7.349709768861064e-25 -1.08420217248551e-23 -2.762674500204093e-23 1.876317270677308e-23 0 0 0 0.002500000000009784 -5.351377977899638e-13 8.673617379884045e-21 
0.1000000000000246 -1.2079655851982e-10 1.475222326206026e-27 2.448372800797203e-14 -5.921985928209944e-14 2.496606250262647e-23 3.614007241616818e-24 -8.283147563051775e-25 -7.730829549832251e-24 0 0 0 0.002500000000000882 -2.965156061223578e-12 8.673617416095858e-21 
0.100000000000147 -4.745557245777764e-11 1.132754787571933e-27 -3.841893308116688e-14 -2.75577299918855e-13 -9.649732413600747e-23 3.614007241618265e-24 2.922082155405787e-23 -9.950709069334772e-24 0 0 0 0.002500000000005142 -1.084172356925766e-12 2.587897193640386e-29 
0.09999999999994767 -2.414657449684177e-10 5.763737839027357e-27 6.114756756491487e-14 1.037454169723605e-13 8.969663763843233e-23 -3.085672670908502e-38 1.304641566574203e-25 -4.073584100236199e-24 0 0 0 0.002499999999998171 -5.938462612278846e-12 1.417498853450936e-28 
0.0999999999996538 -1.888766920643555e-12 0 -2.763162407215523e-14 6.634370094786245e-13 1.510941320625069e-22 -1.175494350822288e-38 -7.685596983282772e-25 -5.728482909895072e-24 0 0 0 0.002499999999987897 -7.776440082152312e-15 8.673617379884046e-21 
0.09999999999957616 4.76924923165087e-11 4.440892098500632e-18 3.653585189020393e-14 8.04654618964906e-13 1.520136292171567e-22 -4.336808689942086e-23 -8.327346395391753e-23 -1.619651934146797e-23 0 0 0 0.002499999999985171 1.107227916123659e-12 8.673617379884046e-21 
0.1000000000000535 3.505262052838641e-10 5.55111512312578e-19 -9.10601314259877e-14 -1.014637032780898e-13 -2.688712483539514e-22 1.807003620810649e-23 6.895027942870816e-23 1.400265258614843e-23 0 0 0 0.002500000000001893 8.596893813148123e-12 0 
0.1000000000004227 3.413849064548572e-12 -5.55111512312579e-19 4.895770316926112e-14 -8.106732459092551e-13 -9.863721537897607e-23 -1.445602896647338e-23 5.715808831993254e-23 -2.417970983575105e-24 0 0 0 0.002500000000014802 1.421389048128502e-14 0 
0.1000000000005029 -4.080676768714059e-12 0 -5.811236191329464e-14 -9.581300448808554e-13 3.720969395786797e-23 1.836709923159824e-38 2.129960464949396e-24 -1.789076418573005e-24 0 0 0 0.002500000000017608 -1.738247133037392e-14 0 
0.100000000000028 -4.157946556504458e-10 -2.775557461159489e-19 1.122792793924705e-13 -3.51368582552809e-14 -1.93309278440247e-23 7.228014483228944e-24 2.721181331739098e-23 6.221484666886537e-24 0 0 0 0.002500000000000982 -1.020935045488095e-11 2.465287667271055e-28 
0.09999999999885968 -2.059841013035672e-11 2.775557566536895e-19 2.127389676456128e-14 2.145008653841312e-12 1.47396469205932e-22 2.938735877055719e-39 -7.882648600779954e-25 6.633179547354593e-24 0 0 0 0.002499999999960083 -5.28761333763029e-13 8.673617392652327e-21 
0.09999999999997423 5.252217931406302e-10 0 -1.486921548850639e-13 5.728217151836264e-14 -1.097918210388117e-22 4.33680868994022e-23 -1.701777049462578e-22 2.203336750656979e-23 0 0 0 0.002499999999999114 1.289017991738115e-11 0 
0.1000000000007946 3.830789851999599e-12 5.55111512312579e-19 5.509740765482121e-14 -1.510102878549072e-12 1.57552562168189e-24 1.175494350822288e-38 -7.874842750246322e-25 1.513954703984734e-23 0 0 0 0.002500000000027812 1.549053853938671e-14 0 
0.1000000000006096 -1.360844596731685e-10 2.775557561562895e-19 -3.398263476168028e-14 -1.16406604135382e-12 1.420560503087987e-22 -1.445602896647581e-23 5.612706467078021e-23 2.006372721907521e-23 0 0 0 0.002500000000021341 -3.24986890697097e-12 -8.673617379884046e-21 
0.0999999999998407 -5.05057410823959e-10 -1.205561687446797e-26 1.217584847760106e-13 3.022644597998318e-13 -1.422688381336641e-22 -1.293043785904515e-37 8.294914079757543e-25 2.059474288470227e-23 0 0 0 0.002499999999994425 -1.238796662906405e-11 -8.673617675582233e-21 
0.09999999999928229 -4.148851401319948e-12 2.775557561562895e-19 -5.799121668981217e-14 1.355134588173097e-12 -3.856656753146177e-23 -1.616304732380646e-38 -4.383957480098752e-26 -2.944194635473479e-24 0 0 0 0.002499999999974884 -1.80085980849843e-14 -8.673617379884046e-21 
0.09999999999994742 8.800560107047366e-11 8.451555558282009e-27 -1.802143156925634e-14 1.10469400701452e-13 -1.733176153814431e-24 -3.614007241618465e-24 1.481030427573347e-23 4.098652716019452e-24 0 0 0 0.002499999999998171 2.16095045503518e-12 -8.673617172358698e-21 
0.1000000000002629 4.319071142400132e-11 2.061906857733285e-27 -1.783945260033622e-14 -5.341107658011571e-13 -5.122331670190091e-23 3.614007241618568e-24 -3.113715084789404e-25 -7.201958752619008e-24 0 0 0 0.002500000000009201 1.075753527056405e-12 8.673617431240079e-21 
0.1000000000014895 -1.428882619863867e-10 -6.821427051456202e-27 -1.223623464125586e-13 -2.802214408900772e-12 6.958261842985257e-23 -6.406444211981468e-37 1.424599247491307e-23 -1.490467056336971e-23 0 0 0 0.002500000000052139 -3.291423665736971e-12 -1.57131216512385e-28 
0.09999999999978469 -1.183433429377528e-09 -2.775556993311915e-19 3.169338044319736e-13 3.977825446831864e-13 -9.923237878794251e-23 -1.469367938527857e-37 6.410953308894211e-25 -8.981244263512304e-24 0 0 0 0.002499999999992485 -2.90906052502131e-11 -8.673615983036138e-21 
0.09999999999867044 3.123053031461859e-11 1.490932714541372e-27 -1.895576029475508e-13 2.503876039132019e-12 6.477967565556486e-23 4.055455510336893e-37 2.580077890466795e-23 1.446612109441126e-23 0 0 0 0.002499999999953465 1.025342191793977e-12 -8.67361733093463e-21 
0.1000000000000181 -8.747664051455903e-11 5.55111512312585e-19 3.580910313642553e-14 -9.171430455567624e-14 1.817612719139797e-22 -1.445602896646922e-23 -1.685338586208313e-22 1.434684888195579e-23 0 0 0 0.002500000000000639 -2.149627318596225e-12 0 
0.1000000000257267 2.808885936345108e-10 5.55111512312579e-19 -3.071608066738489e-12 -4.165644661376956e-11 -1.298047037017731e-22 1.910178320086217e-38 -1.178300621191194e-24 -4.212268448596144e-24 0 0 0 0.002500000000900441 1.577014072714356e-11 0 
0.1000000069079624 -7.636187420237375e-08 -2.497998159922034e-18 -8.18872514769319e-10 7.27940964065185e-09 -3.150424347172624e-22 7.228014483237603e-24 2.002852424823447e-22 -1.020830963976004e-23 0 0 0 0.002500000241776776 -6.706096114072813e-10 -8.673585365256107e-21 
0.09999636241458854 -6.225433715877786e-05 2.775557561562887e-19 4.266135714019741e-07 6.918961704634789e-06 9.740878893424439e-23 4.290554380501355e-37 2.187090587246373e-24 1.376219148300066e-23 0 0 0 0.002499873154737414 -1.725606026131571e-06 8.673617379884022e-21 
0.1004168615924883 0.0003785530157413284 5.549013731755203e-19 -0.0001677708844985418 -0.0006779617680975006 1.460546554864219e-21 1.445602896647541e-23 2.169464232317562e-22 3.991692847455955e-23 0 0 0 0.002575877086702903 0.0008987471142365244 8.174712510113643e-21 
0.105409082784092 0.0003894085106352483 0 -0.01185804561399544 -0.000681285499492908 -3.469446951953618e-20 4.011548038196367e-22 6.700832800168126e-21 1.299116119729533e-22 0 0 0 0.02879921364671519 0.0008991575070409592 -1.387778780781447e-19 
0.1223469433870332 0.0003902395322687868 5.55111512312579e-19 -0.1372661502101641 -0.0006812975113205625 -5.55111512312579e-19 -1.396090997437168e-20 -1.896039357507591e-19 1.993577582320241e-21 0 0 0 0.813467310263427 0.0008991575790706678 0 
0.1293484349916277 0.0004075611710672197 1.968304512869787e-20 -0.4286741234861026 -0.0006813052855037629 -3.29034354422816e-20 3.021310053990827e-20 8.895923488326415e-19 1.147638444952119e-20 0 0 0 4.913686749371294 0.0008991575815520077 4.342454706653107e-20 
0.09688019907353142 0.0004002752815691224 2.775557561562895e-19 -0.50124480627663 -0.0006839986827943845 -2.220446049250316e-18 2.220446049250313e-20 -9.092413796724718e-19 3.50412918410591e-20 0 0 0 10.90242470121714 0.0008991575956351953 0 
0.07107312298737492 0.0004342174572703993 0 -0.2610687002650908 -0.0006833442439087436 -5.551115123125741e-18 -1.184237892936817e-19 -4.56933564087978e-19 2.478874577973527e-21 0 0 0 16.74263908190509 0.0008991576436634361 -7.10542735760095e-17 
0.08508931781490899 0.0004479782562069316 2.559207799623916e-19 -0.1432872630380257 -0.0006826688934608684 -3.852811295706422e-18 -1.776356839400149e-19 6.60900448421806e-19 -3.232212150880468e-20 0 0 0 20.19780947189699 0.000899157657419098 -7.109769812674062e-17 
0.09334096540326269 0.000493650082239018 -2.775557561562895e-19 -0.0715086084270968 -0.0006820709776376203 -3.885780586188053e-18 -2.407412430484045e-35 -5.182605819539957e-19 -3.701707704062874e-20 0 0 0 22.76179000395927 0.0008991576895489609 7.105427357601011e-17 
0.09737215365087355 0.0007298689894076792 2.775557561562925e-19 -0.02989538742540942 -0.0006796693311729152 -4.024558464266241e-18 -5.921189464670623e-20 3.951822249242579e-19 5.021004093098873e-20 0 0 0 24.09430935209233 0.0008991578707595384 0 
0.09909202598232351 0.001598697072065349 -2.775557561562894e-19 -0.01062927141423836 -0.0006570669003372724 -4.093947403305269e-18 5.633345087332666e-33 9.274352259561701e-19 -1.606719183280573e-19 0 0 0 24.68300154000558 0.0008991599083741019 0 
0.09972583808672877 0.003119391911857914 5.551115123125774e-19 -0.003249672441285443 -0.0003077750316350177 -3.937822290467346e-18 -5.921189464696036e-20 -3.37212656123642e-19 -3.280569735436538e-19 0 0 0 24.90396857937137 0.0008992003039720598 0 
0.09992463800956823 0.001014328747005323 3.330669073875473e-18 -0.0008378701639787932 0.0003819081724912412 -2.992397996059995e-18 4.144832625267248e-19 -5.947543781261687e-19 2.869268073793221e-20 0 0 0 24.97361205926117 0.0009003813199903769 0 
0.09998458367688333 0.0002106097825099989 -5.450570876331614e-19 -0.0001467834425636132 0.0009346599606853428 -1.112223434674466e-18 2.960594732332908e-20 -1.053125396988151e-18 5.44561141806953e-21 0 0 0 24.99460406089016 0.0009945053421778151 7.110175085335704e-17 
0.09999942555652004 8.369252357245475e-06 1.665334536937737e-18 -6.425113558128539e-06 8.681017126813135e-05 -5.95091467422982e-19 -4.81482486096809e-33 5.995590698934562e-19 2.095593598339489e-19 0 0 0 24.99979894661312 0.0007778179581530036 0 
0.1000000376544309 -6.541804725528529e-07 2.775241627055777e-19 5.353585603622097e-07 -6.23046423535941e-06 1.768811109139366e-22 -2.960594732276537e-20 1.998329691111456e-18 1.008654828865658e-18 0 0 0 25.00001317902105 -0.0002344583388325271 -1.132309550479421e-20 
