0.09999999999716488 -5.297403519067894e-11 -5.757177063369079e-28 -1.492838843356965e-10 1.819978857989984e-09 3.766690272105113e-48 0 0 3.789561257387206e-19 0 0 0 249.9999999900771 -3.780077453791963e-07 -2.091606691090828e-24 
0.1000000000085237 -4.314610923723985e-11 2.060627040270757e-27 -2.7403681694217e-11 -2.522297866867603e-10 1.218136227540312e-26 5.573708432428947e-46 -1.098094380067644e-31 2.273736754432324e-19 0 0 0 250.0000000298331 8.929285256678792e-08 -4.2236304700071e-24 
0.1000000000188174 -1.093501808821313e-10 5.999816709717967e-28 -6.60076966596508e-10 1.212263593212961e-09 0 0 0 7.579122514774411e-20 0 0 0 250.0000000658611 -1.901270122878495e-07 2.005774019098185e-24 
0.09999999999626429 -4.970828089978578e-10 0 1.591465358311892e-09 2.419327908291629e-10 -2.295887403949776e-47 0 0 -7.579122514774388e-20 0 0 0 249.9999999869249 3.750171532236403e-07 2.103629080589362e-35 
0.09997047540403159 -0.0005113807082062162 0 0.001103921069952776 0.01912048786650802 1.530591602633189e-47 0 0 6.063298011819529e-19 0 0 0 249.8967128613362 -1.788984783315102 -8.414516322357469e-36 
0.100126053980318 0.000648797437930258 -1.302661682226866e-20 -0.00472231419680163 -0.02439115633971686 1.455191522836703e-17 0 0 3.789561257387248e-19 0 0 0 250.4416533401943 2.278827856569086 -4.365574568510109e-17 
0.09961226851617859 0.0005847850376091978 -6.335672613374181e-20 0.01443408765398753 -0.02295713921114161 -7.275957614183435e-18 0 0 3.851859888774476e-36 0 0 0 248.6494300756979 2.133026538406156 -2.207040438355233e-16 
0.1003003294847642 0.0149960889424018 -9.977311431925797e-19 -0.01232528107651274 -0.5708129612894951 4.287617738678109e-17 7.105427357601012e-19 1.616147335331476e-18 -4.186708792985888e-19 0 0 0 251.1214467361976 53.11112692006441 -3.611955969727519e-15 
0.1002928968180911 -0.01088511334105572 -5.788110156956105e-19 -0.01167633846145032 0.4016036008257775 3.73077286739263e-17 -1.657933050107157e-18 -1.027420633659497e-17 -1.777078372015227e-18 0 0 0 251.0824560612369 -37.90931996004941 -4.954836233848942e-15 
0.07842652893015885 -0.1219894153111046 -4.24079520799862e-18 0.648221311516325 2.327392589967181 5.775631263729552e-17 2.08425869156296e-17 -7.771561172370578e-18 2.76637971789266e-18 0 0 0 183.6972889960822 -313.7100663919405 -9.026877762294684e-15 
0.1119354971432573 -0.05823089851979753 5.551115123125789e-19 1.146822454043703 -5.201011718944334 0 3.996802888650424e-18 -5.110756112632325e-17 5.483137838226526e-19 0 0 0 60.71752880831594 -161.4988718176231 -1.421085471520202e-16 
0.1075313741720066 -0.0439857782535488 0 0.2089117216099736 -0.07880042578718541 0 -2.618275966407661e-19 4.328125565280677e-18 4.363049667858167e-20 0 0 0 4.355549216240505 -0.3414736768586293 0 
0.1016883534810503 -0.005190384080313191 5.551115123125789e-19 0.009135029460024776 -0.001312531375504221 -3.469446951953618e-20 1.85037170770865e-21 -2.641575814584785e-20 6.544003261687426e-22 0 0 0 0.04538878367090529 -0.000780088280813038 0 
0.1001163780294012 -0.002007784064274127 -1.566751829245398e-44 7.542593369798545e-05 -0.001305434910449996 -1.182309401384435e-37 3.327660543860357e-43 4.446931629518763e-23 1.156482317317873e-24 0 0 0 0.002545053787965098 -0.0007800762882159746 -4.182768315883935e-38 
0.09999984388703864 2.695315466255789e-06 0 -1.843338445437417e-08 3.184572647599307e-07 -9.341972222147023e-52 0 0 -3.469446951953609e-24 0 0 0 0.002499994540063772 9.428376604224602e-08 -6.122366410532739e-46 
0.1000000001329721 -2.494427549854328e-09 0 1.573651854843335e-11 -2.725143886187417e-10 2.004573532569149e-57 0 0 -5.782411586589364e-24 0 0 0 0.002500000004654025 -8.538980503331443e-11 0 
0.09999999999996219 -9.564042230077814e-11 0 1.583775471880509e-15 7.825822744463443e-14 0 0 0 -2.312964634635771e-24 0 0 0 0.002499999999998672 -2.389808910928513e-12 1.102025953895908e-45 
0.1000000000000134 9.652887215473663e-11 0 -7.688527361067949e-15 -2.72731201049023e-14 -3.340955887615249e-58 0 0 0 0 0 0 0.002500000000000471 2.42090465581528e-12 1.224473282106551e-46 
0.09999999999980677 -1.954841408791992e-10 0 3.204821130697775e-14 3.938270253892908e-13 0 0 0 -6.938893903907237e-24 0 0 0 0.002499999999993237 -4.926731341163489e-12 1.591815266738516e-45 
0.09999999999997351 1.532411747643441e-09 0 -5.178224261418715e-14 5.26877326488968e-14 1.78184314006145e-56 0 0 -4.625929269271451e-24 0 0 0 0.002499999999999079 3.823789065075184e-11 1.959157251370465e-45 
0.100000000000187 -3.886627849565088e-12 0 2.670576213873825e-14 -3.808005993866119e-13 1.82499715360983e-56 0 0 -6.938893903907237e-24 0 0 0 0.002500000000006544 -1.360319746866786e-13 2.938735877055723e-45 
0.09999999999999966 1.437886128350969e-10 -6.944925667407394e-27 -4.62873767093086e-15 8.397911995427442e-16 -4.055746536403217e-32 -3.216672328595945e-51 1.117039367744592e-36 -2.312964634635746e-24 0 0 0 0.002499999999999988 3.59619171964285e-12 -1.736944831978036e-28 
0.1000000000000258 -2.253497313791054e-13 4.739055592751726e-32 1.54838294963433e-15 -5.240978947126036e-14 0 0 0 -1.156482317317873e-24 0 0 0 0.002500000000000903 -7.887240597899636e-15 2.69264522314337e-34 
0.1000000000000775 -4.659240877089041e-11 -2.250377442978259e-27 -7.64505195260936e-15 -1.578020526749064e-13 -7.621003041256494e-30 -2.693478636595451e-52 -2.234078735489227e-36 -4.625929269271491e-24 0 0 0 0.002500000000002713 -1.151930447003084e-12 -5.563607808541423e-29 
0.09999999999983564 -5.768832655474297e-10 -6.893171771275226e-32 3.614491530153317e-14 3.348685622776143e-13 0 0 0 -1.15648231731787e-24 0 0 0 0.002499999999994249 -1.4394314172965e-11 -2.154116178523141e-33 
0.09999999999990331 1.173718907195764e-09 -2.86708518563918e-26 -4.415781259166541e-14 1.963490018722385e-13 -4.79580602029599e-30 -1.940835518579853e-50 5.649394503535863e-37 -2.312964634635739e-24 0 0 0 0.00249999999999662 2.930095884946891e-11 -7.15745119149245e-28 
0.1000000000000906 1.394652767844298e-10 0 2.213152809164348e-14 -1.844116583974753e-13 4.287560055772902e-57 0 0 0 0 0 0 0.00250000000000317 3.446502186356729e-12 4.897893128426204e-46 
0.1000000000000057 5.016116703349693e-10 1.197457179854579e-26 -1.216891518107672e-14 -1.219097739425155e-14 -2.909961316093308e-31 -2.781278957321941e-51 -2.760499586955043e-37 -1.156482317317868e-24 0 0 0 0.002500000000000202 1.250593557461473e-11 2.985442069581759e-28 
0.1000000000001229 9.563370024471894e-11 1.378634354255063e-31 -1.537711162106872e-15 -2.491329885445639e-13 0 0 0 -9.251858538543085e-24 0 0 0 0.002500000000004296 2.389573638970115e-12 4.308232357042664e-33 
0.1000000000000128 -4.069610312956074e-10 -1.005408665986668e-26 1.443874395046243e-14 -2.611570103691424e-14 -6.451221202478558e-31 -4.089981492839177e-51 -2.856796084174421e-37 -1.156482317317871e-24 0 0 0 0.00250000000000045 -1.014913999901077e-11 -2.507382679285984e-28 
0.09999999999993889 8.318612399862226e-13 0 -5.715846314776249e-15 1.2467387076424e-13 -5.568259812692081e-58 0 0 -1.156482317317873e-24 0 0 0 0.00249999999999786 2.911514339623221e-14 -6.122366410532755e-46 
0.09999999999994869 4.74705854239444e-11 0 4.555810589890246e-15 1.046206524191181e-13 0 0 0 -3.469446951953618e-24 0 0 0 0.002499999999998205 1.181041251782926e-12 0 
0.1000000000000063 3.824486339235339e-10 0 -1.137952116795724e-14 -1.334009291920593e-14 -1.781843140061458e-57 0 0 -5.782411586589339e-24 0 0 0 0.002500000000000222 9.531424410762552e-12 4.897893128426183e-46 
0.1000000000000481 -9.436287518279219e-13 1.292469707114107e-32 6.483834302795089e-15 -9.79691501534767e-14 -4.419806226324339e-58 0 0 -5.782411586589364e-24 0 0 0 0.002500000000001685 -3.302700631097651e-14 1.346322611582093e-34 
0.100000000000045 2.495673590578752e-11 6.096123419631635e-28 -6.114831326472159e-15 -9.1590259682084e-14 -2.237083532869833e-30 4.620764722964394e-52 8.47409175530384e-37 3.469446951953617e-24 0 0 0 0.002500000000001576 6.332711376711449e-13 1.546894345634645e-29 
0.1000000000000065 -3.350660829916037e-10 1.85879860007308e-28 1.06480935180287e-14 -1.322445046988483e-14 7.34104469984055e-33 0 0 0 0 0 0 0.002500000000000229 -8.350209909312568e-12 4.63145590133095e-30 
0.09999999999998087 -2.295769343718284e-11 -5.606609777561439e-28 -7.620952711488265e-15 3.910428693817063e-14 9.551185538467288e-31 3.606450515484405e-52 -1.977288076237563e-36 -8.095376221225108e-24 0 0 0 0.002499999999999331 -5.633046512754954e-13 -1.375584496498197e-29 
0.09999999999999688 -1.925221282807878e-10 0 5.733286068121388e-15 6.472987655139591e-15 -8.909215700307324e-58 0 0 0 0 0 0 0.002499999999999892 -4.792699538683866e-12 0 
0.09999999999997103 3.90778338863089e-13 0 -2.685106766560826e-15 5.916575678462587e-14 -3.340955887615249e-58 0 0 8.095376221225109e-24 0 0 0 0.002499999999998986 1.367724185947565e-14 -9.795786256852409e-46 
0.09999999999998715 2.395764791790833e-11 0 7.838803680234302e-16 2.629963376706476e-14 0 0 0 0 0 0 0 0.00249999999999955 5.84751456127431e-13 0 
0.1000000000000144 9.599411495043485e-11 0 -4.011661142167033e-15 -2.949848698641286e-14 0 0 0 0 0 0 0 0.002500000000000505 2.402184452921734e-12 0 
0.100000000000005 -8.412673088313105e-11 -1.004144334552429e-27 5.137413642645578e-15 -1.003691921241998e-14 -1.19789602163761e-31 8.498352369594832e-52 -5.520999173910085e-37 -4.625929269271489e-24 0 0 0 0.002500000000000175 -2.100160294652994e-12 -2.506770522622944e-29 
0.0999999999999934 5.98641226502222e-11 7.311608968181643e-28 -3.792038211214422e-15 1.321939664215353e-14 1.614412637614845e-31 -5.6514124925616e-52 -2.824697251767942e-37 -2.312964634635741e-24 0 0 0 0.002499999999999772 1.491183625530636e-12 1.821283113280053e-29 
0.1000000000000055 -3.558734408281384e-11 0 2.382497671371558e-15 -1.114674903305684e-14 8.917916106264657e-58 0 0 1.503427012513234e-23 0 0 0 0.002500000000000193 -8.95261671485151e-13 -3.918314502740961e-45 
0.09999999999999591 1.82281087194326e-11 1.11316086333919e-28 -1.264726980550651e-15 8.175520445815195e-15 4.992158070480766e-32 3.087043240156485e-52 1.341731194589774e-36 2.197316402903956e-23 0 0 0 0.002499999999999859 4.747614181849592e-13 2.899290487971717e-30 
0.1000000000000026 -5.655731260192799e-12 3.453861980790627e-29 4.911416181159946e-16 -5.196664857691028e-15 3.173201336947945e-32 6.247587509840503e-53 -4.943220190593901e-37 8.095376221225098e-24 0 0 0 0.002500000000000091 -1.496878692716264e-13 9.141190937339865e-31 
0.1000000000000003 3.386449718940177e-14 0 -2.326904872488692e-16 -7.295784347031521e-16 1.886599808088901e-75 0 0 2.312964634635746e-24 0 0 0 0.002500000000000013 1.185257401626305e-15 9.956824444577839e-62 
0.1000000000000003 -9.064530570168641e-12 -2.767781984206789e-29 2.403928907786698e-16 -5.95906426055969e-16 -1.81936984550592e-33 -4.961319493108642e-53 2.471610095296954e-37 8.095376221225102e-24 0 0 0 0.002500000000000012 -2.153185857242148e-13 -6.57458252089277e-31 
0.09999999999999867 -1.70759587451132e-12 -3.792009737782262e-30 -5.172575331021303e-17 2.665344796722497e-15 5.918254323772351e-33 1.26213889087687e-54 -2.567906592516315e-38 -1.156482317317872e-24 0 0 0 0.002499999999999955 -5.325601664371566e-14 -1.182641500212056e-31 
0.09999999999999969 8.676337410415643e-13 0 -6.825535507163728e-17 5.912862791982812e-16 0 0 0 0 0 0 0 0.002499999999999991 2.711087367558276e-14 0 
0.100000000000001 1.251973167447738e-14 0 -8.602655624893408e-17 -2.076169097753322e-15 0 0 0 5.782411586589358e-24 0 0 0 0.002500000000000035 4.381906086054501e-16 -2.4489465642131e-45 
0.09999999999999956 -6.917852626944194e-12 0 2.575365846505898e-16 8.892886427247488e-16 3.480162382932547e-60 0 0 -1.156482317317872e-24 0 0 0 0.002499999999999985 -1.618772278337516e-13 4.897893128426199e-46 
0.09999999999999905 3.036364217193303e-12 9.271290975429969e-30 -2.057997291101305e-16 1.783058654429108e-15 5.443880124111953e-33 2.384700069115595e-53 4.237045877651925e-37 1.387778780781446e-23 0 0 0 0.002499999999999968 8.132869614776801e-14 2.483305542448154e-31 
0.100000000000002 1.999502405389814e-14 0 -1.373963443018766e-16 -4.149597332414597e-15 0 0 0 9.25185853854297e-24 0 0 0 0.002500000000000071 6.998258418833209e-16 0 
0.1000000000000001 -1.209064868776055e-11 0 3.76426898910746e-16 -1.723158652804158e-17 9.700952642424485e-59 0 0 4.625929269271492e-24 0 0 0 0.002500000000000003 -2.962895935717914e-13 -1.224473282106551e-45 
0.09999999999999362 -5.463148866534357e-14 0 3.753893029756484e-16 1.297943812613356e-14 0 0 0 1.040834085586084e-23 0 0 0 0.002499999999999778 -1.912102103264561e-15 7.346839692639293e-46 
0.09999999999998704 3.518218232469281e-11 0 4.014318969828777e-16 2.640831997524631e-14 0 0 0 -1.156482317317871e-24 0 0 0 0.002499999999999547 8.810810099512942e-13 0 
0.1000000000000194 9.602279763454511e-11 0 -4.211278779401723e-15 -3.945122585095483e-14 4.454607850153662e-58 0 0 1.156482317317872e-24 0 0 0 0.002500000000000681 2.403192047609051e-12 0 
0.09999999999999669 -1.084463779983198e-10 -1.324529821682846e-27 6.872176207724686e-15 6.546297069234873e-15 7.994634705530804e-32 -2.469634592125197e-51 9.886440381187848e-37 8.095376221225092e-24 0 0 0 0.002499999999999887 -2.71112962391171e-12 -3.311285436642245e-29 
0.09999999999998865 1.194738623644226e-10 1.077058089261756e-33 -5.907634104129724e-15 2.322090436601611e-14 1.726160541934544e-57 0 0 2.312964634635744e-24 0 0 0 0.002499999999999604 3.000572603356245e-12 -1.346920610317205e-45 
0.1000000000000339 -2.415481525277019e-11 0 5.708662709214193e-16 -6.903498606103396e-14 0 0 0 4.62592926927149e-24 0 0 0 0.002500000000001188 -5.916523128475888e-13 0 
0.100000000000003 -1.310954075132668e-10 1.601157562126436e-27 3.057571788348914e-15 -6.311288297534064e-15 7.70763134126658e-32 -1.866926149999396e-52 1.412348625883971e-37 -1.15648231731787e-24 0 0 0 0.002500000000000107 -3.280438947137643e-12 4.006624618807805e-29 
0.1000000000000179 -4.701250013596361e-11 1.1222936593529e-27 -4.791812317309979e-15 -3.629055389531277e-14 8.662480829859934e-31 -1.312104742262768e-52 1.380249793477527e-36 -5.782411586589364e-24 0 0 0 0.002500000000000625 -1.153082967990922e-12 2.752670114775824e-29 
0.09999999999999334 -2.632752733698899e-10 6.28495833908621e-27 7.639434455401263e-15 1.293436422781369e-14 -3.087406229540439e-31 -3.297022317693108e-51 -2.244704736991497e-52 9.403954806578273e-40 0 0 0 0.002499999999999771 -6.582026027062689e-12 1.57127432682944e-28 
0.09999999999995807 5.008382010132551e-13 0 -3.441334717191325e-15 8.55068388779434e-14 5.603061436521407e-58 0 0 -5.782411586589364e-24 0 0 0 0.002499999999998534 1.752933703410724e-14 4.97841222228892e-62 
0.09999999999994866 4.747123044160647e-11 0 4.551388895398213e-15 1.046960088069146e-13 0 0 0 -4.625929269271491e-24 0 0 0 0.002499999999998204 1.181063827401099e-12 -2.204051907791792e-45 
0.1000000000000065 3.824487094395006e-10 0 -1.13787770872343e-14 -1.33264175158037e-14 -3.78641667263061e-57 0 0 -3.469446951953613e-24 0 0 0 0.002500000000000231 9.53142520344965e-12 7.346839692639295e-46 
0.1000000000000514 -8.878537012323627e-13 0 6.100585083398022e-15 -1.045695127710471e-13 -6.647110151401172e-58 0 0 -6.938893903907238e-24 0 0 0 0.002500000000001799 -3.107487954014371e-14 2.204051907791792e-45 
0.1000000000000611 1.05407854753649e-12 0 -7.242754312963841e-15 -1.243138982957401e-13 1.392064953173021e-59 0 0 1.156482317317873e-24 0 0 0 0.002500000000002138 3.689274915957185e-14 0 
0.100000000000003 -4.541789472720061e-10 1.096832014945477e-26 1.403956210547603e-14 -6.82115243918876e-15 1.647127607111222e-31 -3.182761626336636e-51 -5.585196838722943e-37 2.312964634635737e-24 0 0 0 0.00250000000000011 -1.132459320220447e-11 2.734864496765095e-28 
0.09999999999986231 -2.40245343818742e-11 5.801864622818963e-28 2.655597269862673e-15 2.817855092781145e-13 -6.804373538836855e-30 2.964764254669778e-52 -1.117039367744601e-36 4.625929269271542e-24 0 0 0 0.002499999999995176 -6.02271312779248e-13 1.454469673533612e-29 
0.09999999999999688 5.743282511997686e-10 0 -1.858894774220406e-14 6.349961066211803e-15 2.227303925076829e-58 0 0 1.15648231731787e-24 0 0 0 0.002499999999999892 1.430488867080887e-11 0 
0.1000000000000964 -9.987390161614565e-13 0 6.862487430166672e-15 -1.9636229563654e-13 0 0 0 -2.312964634635746e-24 0 0 0 0.002500000000003376 -3.49558655593048e-14 -7.346839692639304e-46 
0.100000000000074 -1.420716263520859e-10 0 -4.22278716623751e-15 -1.507304466426721e-13 0 0 0 4.625929269271491e-24 0 0 0 0.002500000000002592 -3.537724421191403e-12 1.959157251370481e-45 
0.09999999999998037 -5.501893683511726e-10 -1.313422744577138e-26 1.521779137888137e-14 3.933566435538592e-14 9.389342455099422e-31 -2.137294118856605e-50 5.520999173910022e-37 2.312964634635732e-24 0 0 0 0.002499999999999316 -1.372572206637988e-11 -3.276631722518451e-28 
0.09999999999991303 1.053300105284927e-12 -3.44658588563762e-32 -7.237436113379424e-15 1.772912025521663e-13 1.781843140061466e-57 0 0 3.469446951953618e-24 0 0 0 0.002499999999996956 3.686550367905643e-14 -2.154116178522288e-33 
0.09999999999999369 9.574016331707554e-11 9.19529791383914e-27 -2.268665348174403e-15 1.296166877532772e-14 1.244764679182275e-30 2.134692627872148e-51 1.110619601263312e-36 1.156482317317873e-24 0 0 0 0.00249999999999978 2.393298921312017e-12 2.298640898308315e-28 
0.1000000000000321 4.803285228746173e-11 2.293341594457589e-27 -2.253143736400806e-15 -6.520501731147946e-14 -3.11286079623232e-30 -4.405607163801952e-52 -1.656299752173016e-36 -3.469446951953618e-24 0 0 0 0.002500000000001122 1.20234689526122e-12 5.740853786803785e-29 
0.1000000000001807 -1.408942809110963e-10 -6.726967798375557e-27 -1.525929591017431e-14 -3.679384285674553e-13 -1.756522974671948e-29 3.851394552471577e-51 1.104199834782032e-36 2.312964634635746e-24 0 0 0 0.002500000000006324 -3.494889177157993e-12 -1.668650842093034e-28 
0.09999999999997347 -1.29209845841476e-09 6.204842404955044e-26 3.959763766880809e-14 5.278975173655242e-14 -2.534813206673676e-30 2.16282124914188e-50 -1.110619601263282e-36 2.312964634635725e-24 0 0 0 0.002499999999999078 -3.226159963357825e-11 1.54924863707448e-27 
0.0999999999998389 5.114788588722079e-11 2.442491461230148e-27 -2.365706496439579e-14 3.283525130034091e-13 1.56754143655864e-29 1.013289647674449e-51 -1.656299752173016e-36 -3.469446951953618e-24 0 0 0 0.002499999999994362 1.311373071221273e-12 6.262363486590623e-29 
0.1000000000000074 -9.597173516373423e-11 7.323995006980022e-32 3.85906908280851e-15 -1.389054959018618e-14 -1.834045575805474e-57 0 0 -6.938893903907313e-24 0 0 0 0.002500000000000255 -2.40140301075892e-12 3.769703312415209e-33 
0.09999999999998113 1.202041995780811e-13 1.163222736402697e-31 -8.258072466590014e-16 3.854423724636307e-14 0 0 0 2.312964634635746e-24 0 0 0 0.00249999999999934 4.207146985086231e-15 3.635071051258182e-33 
0.09999999999974239 4.348962446887348e-11 -2.076523000804149e-27 2.896434874351755e-14 5.249684541241961e-13 -2.5061778793734e-29 -1.013289647674449e-51 1.656299752173016e-36 -3.469446951953618e-24 0 0 0 0.002499999999990984 1.043333921687977e-12 -4.981772759239088e-29 
0.0999999999998695 1.911174819916465e-09 0 -4.388315289853075e-14 2.675687854150198e-13 0 0 0 0 0 0 0 0.002499999999995432 4.767067806476723e-11 0 
0.100000000283888 4.997587690336114e-09 -2.77422380568725e-27 -3.353220901572429e-11 -5.810319676780059e-10 3.225375342796913e-28 -3.598951925603331e-53 -4.493836536903574e-38 8.095376221225109e-24 0 0 0 0.002500000009936092 1.739581597385159e-10 -9.656631105726845e-29 
0.09999948456407282 -8.91287386334771e-06 0 6.076079602861918e-08 1.050663338112497e-06 -2.784129906346041e-59 0 0 -2.312964634635746e-24 0 0 0 0.002499981995101677 -3.113381471453144e-07 -9.795786256852409e-46 
0.1001308597051977 0.002241145284796741 0 -6.062087906807757e-05 -0.001046649745942814 0 0 0 -6.938893903907238e-24 0 0 0 0.002528497649974528 0.000492702146589834 -4.897893128426206e-46 
0.1017830468437112 0.005436300975062014 -1.402790003695924e-18 -0.008117536969856955 -0.001050406653513281 -1.603460634028468e-20 0 4.654027365312638e-35 1.219242741358646e-22 0 0 0 0.03365060044424707 0.0004927062792634403 -1.149827753588633e-19 
0.1048256883797026 0.01489698020239835 -1.665334536937737e-18 -0.1263261029891677 -0.001050411146719808 0 0 0 1.853444997882092e-20 0 0 0 2.001891877056382 0.0004927062793341784 8.881784197001263e-18 
0.09253440073304403 0.07953240354352649 -2.309263891220309e-20 -0.07413643214879016 0.6952523542896273 1.212659602363896e-18 0 0 5.779080917515438e-19 0 0 0 22.71432402618235 22.34947227433885 -7.427540064478859e-18 
0.1008172702745634 -0.008294554990776972 3.865192073882582e-19 0.009729205670355807 -0.0991533155836308 4.030667465275343e-18 -1.480297366166876e-19 -4.741577501003153e-19 -2.842170943040402e-20 0 0 0 25.28680240513498 -2.913747698904779 1.362654813210381e-16 
0.09989982965088183 0.001172116385248113 3.345472047316561e-20 -0.001180079430798945 0.01377177613295753 1.515824502954882e-19 0 0 0 0 0 0 24.96500469596828 0.4091473744592396 1.148237060988323e-17 
0.1000100810436648 -0.0001357697550396646 7.401486830834467e-22 0.0001193320269631891 -0.001607361153294675 -1.5673258945163e-44 0 0 -9.473903143468122e-21 0 0 0 25.00352942569123 -0.0475376815638132 2.46321481730171e-19 
0.09999928119614943 9.471949097009468e-06 0 -8.503805484218627e-06 0.0001120649572910324 1.567325801096385e-44 0 0 -3.789561257387205e-20 0 0 0 24.99974842587788 0.003315047536726982 3.286920438420886e-38 
0.1000000573050806 -9.911112547906471e-07 0 6.775549172004966e-07 -1.174398100687314e-05 -1.195774689557175e-49 0 0 -9.473903143467988e-21 0 0 0 25.00002005683648 -0.0003471207334695195 0 
0.1000000000225478 -2.26036034866046e-10 -1.764651973446461e-29 2.845626530264175e-10 -2.483210910971452e-09 -3.493904171049882e-49 0 0 1.894780628693603e-20 0 0 0 25.00000000789171 -7.911261211035183e-08 -3.529303946851836e-27 
0.09999999999946491 9.432842483210108e-11 4.490195277155603e-27 -7.727760475972894e-11 4.480459854978989e-11 2.13895316751974e-27 -3.969980727445214e-48 0 0 0 0 0 24.9999999998127 2.815557884111958e-08 1.342498973294714e-24 
0.09999999997372999 -2.082118691970212e-10 9.132073962585434e-28 3.103595361153619e-10 2.960465224077774e-09 0 0 0 1.894780628693603e-20 0 0 0 24.9999999908055 -8.259289385109319e-08 3.124139853790766e-25 
0.1000000000246909 1.674208758393411e-09 7.999328571663632e-26 -7.702667934003993e-10 -2.731457252975613e-09 -1.319149128869239e-25 9.339993641696876e-46 1.372617975084579e-32 2.842170943040238e-20 0 0 0 25.00000000864207 3.504102670788021e-07 1.658247276535502e-23 
