0.09999998787466288 -2.269167571726526e-07 0 2.902585804804562e-07 1.233176624715758e-05 -1.080814040696488e-20 2.368475785866823e-19 -9.458425261230043e-19 -6.048362375851649e-19 0 0 0 249.9999575613318 -0.0008001029684123785 -1.136868377216162e-15 
0.1000000995024673 1.099217858359016e-06 -5.551645987110101e-19 -3.416892108452727e-06 -3.729377613584047e-05 -2.369382940754748e-18 9.473903143468095e-19 -3.790915168321411e-18 2.310017889372176e-19 0 0 0 250.0003482540674 0.002525497453387246 -1.136990345361992e-15 
0.09999788834699534 -2.791388799706236e-05 2.775557561562894e-19 5.99056977353917e-05 0.000686899298331537 -2.146720301521301e-19 4.736951571734133e-19 -9.440416174477079e-19 5.197138655804248e-19 0 0 0 249.9926092547999 0.002412078346303314 -1.136868377216162e-15 
0.09998231103255711 -0.0002797062293290017 -2.775557561562887e-19 0.0006059477485227973 0.001599413480909982 1.162264728904459e-18 0 -3.786689613656365e-21 -1.460126612624222e-19 0 0 0 249.9380860284519 0.002411927868628542 0 
0.09990826292567738 -0.001292266628395134 0 0.003359080775478843 0.00182800152678312 1.127570259384926e-18 -1.155557966632342e-33 -2.41849490401249e-20 -8.333644420284882e-19 0 0 0 249.6787899120502 0.002411926523038289 1.136868377216162e-15 
0.09961545937169135 -0.004528556285035116 0 0.01426601648281066 0.001836360455887205 1.249000902703316e-18 4.314083075427409e-32 -3.685437873558902e-18 -6.057696960274479e-19 0 0 0 248.6527912028481 0.002411926470813332 1.136868377216174e-15 
0.09865367777576682 -0.01485796337972132 -2.775557561562894e-19 0.04942341238475616 0.001836763739737899 1.249000902703302e-18 1.012805932668483e-34 3.94066790355369e-20 4.844846573848286e-22 0 0 0 245.2737617439137 0.002411926493017766 1.136868377216162e-15 
0.09604806536768998 -0.04237481974592929 2.022956523489674e-18 0.1414325595242816 0.001836811979872157 2.687868910628555e-18 6.331494692173039e-33 4.462504797340718e-18 1.136070786953856e-19 0 0 0 236.0149910418903 0.002411926503853565 -1.151443825461212e-19 
0.08997373922183335 -0.09240887927025773 -3.352636222260441e-18 0.3423491386503352 0.001836872014775701 5.639826308903812e-18 9.473903143476699e-19 1.059451629156247e-17 4.12532876651421e-19 0 0 0 214.3477531996744 0.002411926926360066 1.164832911200865e-19 
0.0746861289669649 -0.1164235606119472 -4.170234276028288e-18 0.6467927818604408 0.00187515118754737 1.119174919524352e-17 -4.736951571733972e-19 -7.204276829428663e-18 -3.414696227367367e-20 0 0 0 171.4968064889504 0.002411926951051446 -5.683190442041856e-16 
0.09927044262122679 0.1115019217843435 5.551115123125789e-19 1.581466194618943 0.001875147891140071 1.776356839400252e-17 -7.697546304067756e-19 -1.661285501653315e-18 -9.940173189114062e-20 0 0 0 100.1774131812426 0.002411926960732521 -2.842170943040404e-16 
0.1261932850514397 -0.1665998763450824 5.55111512312579e-19 0.9937409909463909 0.001875147738727997 1.776356839400253e-17 -8.759811452596634e-19 2.594115314907217e-18 4.929365295752781e-20 0 0 0 31.04487486536075 0.002411926960754772 0 
0.1132516373420123 -0.07565417358168737 1.110223024625158e-18 0.2161162363907477 0.001875134925326319 1.554312234475221e-17 -8.311421574129117e-19 1.416474659160802e-18 9.156661974028068e-22 0 0 0 3.344098668234657 0.00241192674783893 0 
0.1023077539974249 -0.00294806541683248 2.220446049250315e-18 0.01029851017251232 -0.000740051069917847 1.075528555105622e-18 -1.553155752157877e-19 2.982993748214431e-19 6.692703192341357e-25 0 0 0 0.04769376580579108 -0.0004238508660866209 1.387778780781447e-19 
0.1001115523697685 -0.0006539445171818103 1.110223024625155e-18 5.220253284417519e-05 -0.0008077895616565372 1.673737103774495e-19 -3.324886662290277e-22 3.054565167359343e-21 7.477100177760091e-24 0 0 0 0.00252484157867027 -0.0004252898371741016 8.673617379884021e-21 
0.09999970845673516 4.92142737508821e-06 0 -3.435950756498092e-08 4.839218695445634e-07 1.309393822446942e-21 -2.189358228406511e-37 1.98825149030764e-23 6.051065858865413e-25 0 0 0 0.002499989807556193 5.912423198055896e-08 0 
0.09999999977517925 9.490496149372436e-09 0 -2.655012687781041e-11 9.130290794562713e-10 4.581546617778138e-24 1.46936793852786e-38 -6.785470480638982e-25 -8.036692468491628e-24 0 0 0 0.002499999992131276 1.335430653863137e-10 0 
0.09999999999992638 1.065640631292536e-10 -5.551115123125789e-19 -2.759152443557999e-14 1.125380632164863e-12 1.370169350834756e-26 -1.326104564521393e-36 -1.141582112372181e-22 1.050777952123311e-24 0 0 0 0.002499999999997426 2.501820907559144e-12 -8.673617379884045e-21 
0.09999999999959999 -1.841271059233049e-10 -2.775557561562894e-19 6.582498342695046e-14 8.040301330227311e-13 9.478821370681059e-25 5.877471754111439e-39 -7.416494076150206e-25 -5.690139388510647e-24 0 0 0 0.002499999999985999 -4.673732646558202e-12 -8.673617379884045e-21 
0.09999999999994567 1.503200949132248e-09 0 -1.06469706662159e-13 1.074900522987177e-13 1.449343061305066e-22 2.938735877055714e-39 4.03338024985724e-26 1.082535674551617e-24 0 0 0 0.002499999999998107 3.743593976479593e-11 0 
0.1000000000003867 4.119794783097336e-12 0 5.483205625655962e-14 -7.752970277831817e-13 -1.814661969777669e-22 -8.816207631167158e-39 1.43695875129962e-23 -4.576228769425566e-24 0 0 0 0.002500000000013537 2.260019428546043e-14 0 
0.09999999999999985 1.411453853100701e-10 -6.816574261701074e-27 -9.447993544927304e-15 -3.167316459371872e-15 3.53476295328053e-23 2.938735877055719e-39 4.330501591666808e-26 -8.049305053895941e-24 0 0 0 0.002499999999999995 3.52247256970443e-12 8.673617209767285e-21 
0.1000000000000534 2.303712776097209e-13 0 3.1511325955987e-15 -1.085674600619565e-13 2.327773283481061e-25 -2.938735877055719e-39 8.12166720055795e-26 5.746607956772678e-24 0 0 0 0.002500000000001874 1.290200585257756e-15 0 
0.1000000000001598 -4.845676811193811e-11 -2.775557584964946e-19 -1.563139756521781e-14 -3.183418596050351e-13 2.521350010593862e-27 -8.522334043461585e-38 1.429374852243093e-23 1.032674258724706e-23 0 0 0 0.002500000000005595 -1.181985011169273e-12 -8.673617436967657e-21 
0.09999999999965971 -5.608905701004489e-10 0 7.42849862640961e-14 6.827570552360607e-13 6.707831951855717e-25 -7.346839692639301e-39 2.050551142338677e-25 -3.404776663541329e-24 0 0 0 0.002499999999988096 -1.399425551568832e-11 0 
0.09999999999979989 1.14999702469087e-09 -5.551115404011472e-19 -9.076865925546812e-14 4.017594762463461e-13 1.276999195925742e-22 -3.614007241615749e-24 2.876495077959965e-23 1.718418867101697e-24 0 0 0 0.002499999999993003 2.86601796982421e-11 -8.673618079906231e-21 
0.100000000000187 1.4482035362584e-10 0 4.541168344140591e-14 -3.736735205689963e-13 -9.088689818728999e-23 -1.445602896647327e-23 1.155699713677904e-22 -2.889894808320085e-24 0 0 0 0.002500000000006549 3.53165034109452e-12 0 
0.1000000000000129 4.934900144776291e-10 -5.551115005330711e-19 -2.500032588355916e-14 -2.972329322025499e-14 -4.764211994025136e-25 0 4.278812691498249e-25 -5.779372528207946e-24 0 0 0 0.00250000000000045 1.227190414175231e-11 -8.673617086956174e-21 
0.1000000000002537 9.431292552486388e-11 -5.55111512312585e-19 -3.160099959490695e-15 -5.080630799988859e-13 -1.591100891394591e-27 -1.445602896647288e-23 1.149952524346227e-22 -1.198352418530873e-24 0 0 0 0.002500000000008876 2.3493116089665e-12 0 
0.1000000000000266 -3.989873102044936e-10 5.55111502456609e-19 2.971484655556351e-14 -5.46088511931337e-14 -6.145247391474297e-30 0 3.248331319437494e-25 -1.148370928364866e-23 0 0 0 0.002500000000000937 -9.932109117354809e-12 -2.453475510101826e-28 
0.09999999999987316 -8.793313299726472e-13 0 -1.171499448375062e-14 2.549125499337425e-13 -7.573064690121722e-31 -4.408103815583579e-39 -3.741112597362695e-25 3.49862553070919e-24 0 0 0 0.002499999999995566 -4.784042086092308e-15 -8.673617379884046e-21 
0.09999999999989358 4.840624429069936e-11 5.55111512312579e-19 9.331369473416878e-15 2.144233762106355e-13 -8.682518667224556e-28 3.614007241618018e-24 -7.155811996089128e-23 6.270117148764584e-24 0 0 0 0.002499999999996277 1.192448917386451e-12 8.673617379884046e-21 
0.1000000000000132 3.75614556819004e-10 -5.551115123125765e-19 -2.340286968845732e-14 -2.710675070989313e-14 -5.600672613353979e-25 -1.704466808692315e-37 -1.477245758039077e-23 6.397832125506573e-24 0 0 0 0.002500000000000468 9.340496583652715e-12 0 
0.1000000000000997 1.000501764769628e-12 -5.55111512312579e-19 1.330103157245095e-14 -2.008014079065431e-13 -1.927345127719047e-22 0 -4.154397932588023e-26 3.435118536244816e-24 0 0 0 0.002500000000003489 5.499615519932744e-15 0 
0.1000000000000932 2.290624287470954e-11 -5.55111511753096e-19 -1.254206391521105e-14 -1.878741639707579e-13 1.003463279235554e-22 3.614007241618336e-24 4.333347745198311e-23 -4.009208853610367e-24 0 0 0 0.002500000000003266 5.890714348602552e-13 1.438801474287835e-29 
0.1000000000000134 -3.288798487016696e-10 2.77555756338854e-19 2.188851299285951e-14 -2.753772182590561e-14 4.29287706943832e-25 1.939565678856775e-37 -5.772000250373663e-23 -3.462594860437086e-24 0 0 0 0.002500000000000474 -8.178981309500006e-12 8.673617384424277e-21 
0.09999999999996033 -2.503570267764486e-11 -6.114946981086029e-28 -1.564640639273321e-14 7.960016000664899e-14 -1.195719073713738e-28 0 -5.785595438755225e-26 5.746377281468335e-24 0 0 0 0.002499999999998611 -6.007781078176673e-13 -1.467394913577801e-29 
0.09999999999999322 -1.890853792985136e-10 2.775557561562893e-19 1.177682627343874e-14 1.429698225702953e-14 -4.742667103157279e-25 -4.40810381558358e-39 -5.839382751572779e-29 2.264730559847278e-24 0 0 0 0.002499999999999767 -4.696698759076828e-12 -8.67361737988404e-21 
0.09999999999993985 -4.133846043252748e-13 -2.775557561562895e-19 -5.510386822763875e-15 1.209250799677742e-13 -7.258572087879255e-23 -1.175494350822288e-38 -2.107161848006066e-28 -9.146171290193289e-24 0 0 0 0.002499999999997898 -2.268693045925927e-15 -8.673617379884046e-21 
0.09999999999997321 2.396919468461432e-11 0 1.594259215383642e-15 5.3920636520755e-14 7.258666902649175e-23 1.102025953895895e-39 -1.100186615042526e-25 -1.158608066692847e-24 0 0 0 0.002499999999999065 5.817259651416659e-13 0 
0.1000000000000297 9.393813851787966e-11 5.551115123125777e-19 -8.244184270441758e-15 -5.99209400278028e-14 4.728519356138677e-25 7.228014483236504e-24 -2.874705609773458e-23 1.149611196452827e-23 0 0 0 0.002500000000001047 2.347319387474572e-12 0 
0.1000000000000103 -8.183662081329153e-11 -5.551115132892903e-19 1.055713826543989e-14 -2.063322280448513e-14 1.38956888741881e-27 -7.228014483236611e-24 -1.445530451028326e-23 5.833010411428751e-25 0 0 0 0.00250000000000036 -2.042617919424673e-12 8.673617355505604e-21 
0.09999999999998642 5.819589601885331e-11 5.551115130232924e-19 -7.787228732218071e-15 2.669574812212029e-14 -2.411616313397241e-25 -7.346839692639296e-39 -1.105762305884397e-25 -4.476259831610607e-24 0 0 0 0.002499999999999532 1.449515962988201e-12 1.770214596338326e-29 
0.1000000000000113 -3.456358463327374e-11 -5.551115123125787e-19 4.891640333533865e-15 -2.247195642488324e-14 -5.464875403169263e-23 -3.61400724161828e-24 -1.434567131870368e-23 2.759519536276913e-23 0 0 0 0.002500000000000396 -8.696466940669181e-13 -8.673617379884042e-21 
0.09999999999999154 1.769530702522281e-11 1.080515550796751e-28 -2.596090009632212e-15 1.647471113452838e-14 8.226827385144416e-23 0 1.082028942496348e-25 1.740994413586937e-23 0 0 0 0.00249999999999971 4.611504862868374e-13 -8.673617377068149e-21 
0.1000000000000052 -5.466460617498111e-12 3.337944742414179e-29 1.007003277061126e-15 -1.050483594642202e-14 3.765863648734393e-25 -4.114230227878007e-38 5.749746330671307e-23 2.07819337593137e-23 0 0 0 0.002500000000000186 -1.448588970130726e-13 8.673617380768573e-21 
0.1000000000000006 -3.608224830031758e-14 0 -4.770221255038599e-16 -1.551478977735314e-15 3.801330981212355e-26 0 1.604074092107807e-25 2.769430006403339e-23 0 0 0 0.002500000000000026 -1.978668964786045e-16 0 
0.1000000000000005 -8.906287166099426e-12 -5.551115123397703e-19 4.942393716511625e-16 -1.192160819891825e-15 1.848540076513757e-23 -7.228014483236698e-24 5.199071220561225e-27 5.231951688984889e-24 0 0 0 0.002500000000000023 -2.111050050046526e-13 -8.673617380528565e-21 
0.09999999999999733 -1.714687419829275e-12 -3.807370907059127e-30 -1.060188973648723e-16 5.430825944062923e-15 6.461490625101224e-23 -1.515285686606855e-39 5.538214603753146e-26 7.434128275831831e-26 0 0 0 0.002499999999999905 -5.286298742496197e-14 -1.173794115793258e-31 
0.09999999999999934 8.433358178461249e-13 5.551115123125785e-19 -1.409883783794659e-16 1.211520796027365e-15 -7.371927117048765e-23 2.938735877055719e-39 5.770853190472581e-23 8.034812314082283e-24 0 0 0 0.00249999999999998 2.635695481312262e-14 0 
0.1000000000000019 -1.847480501915299e-14 -5.551115123125785e-19 -1.76597394115537e-16 -4.213299952932616e-15 3.665688905849438e-23 2.938735877055718e-39 5.718978429216994e-26 6.935198347668259e-24 0 0 0 0.002500000000000072 -6.505213034913025e-17 0 
0.09999999999999908 -6.777824829162785e-12 0 5.294958915769136e-16 1.808402640893332e-15 -3.673096771035877e-23 5.877471754111439e-39 -2.677092070704197e-25 -4.460605606573415e-24 0 0 0 0.00249999999999997 -1.582447280851219e-13 -8.673617379884037e-21 
0.09999999999999806 2.944953308992029e-12 5.551115123215698e-19 -4.234626538313071e-16 3.596101728423552e-15 -9.187316047387817e-26 1.175494350822287e-38 -5.728781038609051e-23 2.526352018975877e-23 0 0 0 0.002499999999999938 7.904240413234014e-14 2.413254167209894e-31 
0.100000000000004 -2.445960101127295e-14 0 -2.824578534029359e-16 -8.434918686353034e-15 -1.650494228948662e-28 5.877471754111436e-39 -2.668743314769654e-25 1.276048503131773e-23 0 0 0 0.002500000000000146 -1.192622389734054e-16 0 
0.09999999999999999 -1.186811066089529e-11 0 7.759385726539373e-16 6.538849919821441e-17 2.322524834106445e-28 -1.175494350822288e-38 1.061973442201488e-25 1.735858493766097e-23 0 0 0 0.002500000000000003 -2.902246585417814e-13 0 
0.09999999999998672 5.629177679544755e-14 0 7.755333412499488e-16 2.674436406991784e-14 6.668010884448886e-26 -5.877471754111439e-39 1.424159018090108e-23 1.671610392974781e-23 0 0 0 0.002499999999999539 3.415236843329349e-16 0 
0.09999999999997321 3.498607653584786e-11 5.551115123125781e-19 8.150991455866315e-16 5.350931098235677e-14 -2.010338810663743e-25 -2.204051907791789e-39 1.760938205248409e-25 1.169350950279402e-24 0 0 0 0.002499999999999063 8.720183863192292e-13 0 
0.1000000000000399 9.390301036749125e-11 5.551115123125786e-19 -8.651223718884968e-15 -8.00134340708189e-14 3.052313625933972e-25 1.147025347013311e-37 1.431881979371973e-23 7.444615674077618e-26 0 0 0 0.002500000000001404 2.347126941588958e-12 8.67361737988404e-21 
0.0999999999999933 -1.054259977928412e-10 -1.287510071580624e-27 1.412300392374562e-14 1.315663458750688e-14 3.65231053062601e-23 -1.469367938527859e-39 4.668166279584516e-25 3.364739464991221e-24 0 0 0 0.002499999999999768 -2.635437983296308e-12 -8.67361741206919e-21 
0.09999999999997643 1.166372554095572e-10 0 -1.21445744664472e-14 4.660804297871664e-14 -7.349298554603831e-23 -1.084202172485417e-23 5.702761788955889e-23 -6.847628878620621e-24 0 0 0 0.002499999999999181 2.926806475130047e-12 0 
0.10000000000007 -2.377091579131017e-11 -5.551115123125789e-19 1.167255643993316e-15 -1.40473974367058e-13 -2.082467834216087e-25 2.204051907791789e-39 6.646039198272167e-25 1.119425711651265e-24 0 0 0 0.002500000000002456 -5.806553154963365e-13 8.673617379884045e-21 
0.1000000000000064 -1.290156349809113e-10 2.775557577318863e-19 6.284341565650811e-15 -1.404579065918845e-14 -4.165836826661823e-28 1.445602896647274e-23 5.728938205057059e-23 -4.623266207184714e-24 0 0 0 0.002500000000000229 -3.219764678399211e-12 8.673617419205254e-21 
0.1000000000000369 -4.801588814051814e-11 -2.7755575501016e-19 -9.836721714950616e-15 -7.387095941830184e-14 -3.01916609413938e-28 -8.816207631167158e-39 2.672385378991689e-25 -5.706264392269411e-24 0 0 0 0.002500000000001291 -1.166306092502406e-12 2.783948736962055e-29 
0.09999999999998653 -2.58639160435893e-10 -2.775557499826246e-19 1.570866700606414e-14 2.691276234869518e-14 -1.427433192623073e-25 -8.816207631167148e-39 1.917382103803516e-27 9.090760650097732e-24 0 0 0 0.002499999999999532 -6.451490817266402e-12 -8.673617225888247e-21 
0.09999999999991292 -5.247538514829864e-13 0 -7.050822888506521e-15 1.75552644358791e-13 -2.708746043572092e-23 0 5.761729893199372e-25 -7.975951958006475e-24 0 0 0 0.002499999999996956 -2.889398789673881e-15 8.673617379884046e-21 
0.0999999999998936 4.840810911843603e-11 5.55111512312579e-19 9.32914717699592e-15 2.141374740938438e-13 6.327479624555766e-23 -1.084202172485455e-23 1.146073104696345e-22 -6.941271863232764e-24 0 0 0 0.002499999999996276 1.192467890924469e-12 0 
0.1000000000000135 3.756151206041346e-10 5.55111512312578e-19 -2.340252783228435e-14 -2.715395787980969e-14 -1.093418040389402e-22 7.177862379708596e-37 4.377488077008339e-23 -1.772237600131168e-24 0 0 0 0.002500000000000476 9.340515557190758e-12 0 
0.1000000000001064 9.400466516318356e-13 5.55111512312579e-19 1.250831891767371e-14 -2.14619540160439e-13 1.765102421437859e-23 -1.44560289664734e-23 5.782351113166814e-23 2.299628053372067e-24 0 0 0 0.002500000000003726 5.152670824737381e-15 -8.673617379884046e-21 
0.1000000000001265 -1.119590531395436e-12 -5.55111512312579e-19 -1.485624540054076e-14 -2.545505570456621e-13 1.347479186845703e-25 2.938735877055719e-39 3.256546624688636e-25 -4.552547309269578e-24 0 0 0 0.002500000000004428 -6.207057437479539e-15 -8.673617379884046e-21 
0.1000000000000065 -4.459022127228909e-10 2.775557669236454e-19 2.890100427495824e-14 -1.211923756637432e-14 5.887197739032245e-28 1.445602896647121e-23 5.728778741220252e-23 3.340220555921837e-24 0 0 0 0.002500000000000228 -1.109468826488916e-11 8.673617647791338e-21 
0.09999999999971443 -2.300238992336536e-11 5.554467783865954e-28 5.455350523171126e-15 5.741486384732214e-13 -1.234955563826169e-29 5.877471754111439e-39 2.121446211769259e-25 -1.376212862454988e-23 0 0 0 0.002499999999989998 -5.786386994555086e-13 -8.673617365911549e-21 
0.09999999999999336 5.636082746340879e-10 0 -3.825543724393124e-14 1.389243435520323e-14 1.262177448353618e-31 -5.535843708403713e-37 -1.434488838418133e-23 1.163699718478294e-24 0 0 0 0.002499999999999772 1.400940182003794e-11 0 
0.1000000000001997 1.060089516169431e-12 0 1.406506439094457e-14 -4.017253407041225e-13 0 -2.938735877055719e-39 4.592710104614716e-26 6.911211225673101e-24 0 0 0 0.00250000000000699 5.74085050331077e-15 0 
0.1000000000001533 -1.42054770724264e-10 0 -8.630587217114541e-15 -3.088893130623514e-13 0 -2.204051907791789e-37 4.316610027780555e-23 6.332274949115966e-24 0 0 0 0.002500000000005367 -3.516523010282916e-12 -8.673617379884046e-21 
0.09999999999995976 -5.407044170041538e-10 -1.290650360540243e-26 3.130661702099534e-14 8.044895718060408e-14 1.667864628562555e-30 2.938735877055716e-39 1.007009008388604e-25 5.765632610419648e-24 0 0 0 0.002499999999998594 -1.345762965041652e-11 -8.67361770111487e-21 
0.09999999999981986 -1.119503795221637e-12 0 -1.486684918690824e-14 3.618283255099057e-13 -7.573064690121722e-31 -1.46936793852786e-39 -1.857479096975535e-28 -3.428292421313444e-24 0 0 0 0.002499999999993698 -6.117610758249484e-15 0 
0.09999999999998668 9.419231887519737e-11 9.04569262017383e-27 -4.700371342147657e-15 2.76671204644554e-14 -3.523067492070511e-28 -3.673419846319649e-39 -1.069808946317142e-25 1.107321886959596e-24 0 0 0 0.002499999999999535 2.348713942518936e-12 2.255570797114894e-28 
0.1000000000000668 4.691303769066543e-11 5.551115145521882e-19 -4.693343167809515e-15 -1.368624073613478e-13 -1.219408900929787e-25 3.614007241618236e-24 -1.4241455519196e-23 -9.178744291443633e-24 0 0 0 0.002500000000002339 1.173377801172431e-12 5.601657521216395e-29 
0.1000000000003738 -1.441971108490112e-10 -6.883910959606931e-27 -3.131425119206386e-14 -7.498357976842813e-13 -1.82592950563315e-23 5.510129769479473e-39 -1.067699154116017e-25 -1.172770704028819e-24 0 0 0 0.002500000000013083 -3.539424070671309e-12 8.673617210913391e-21 
0.09999999999994567 -1.268679735919025e-09 -2.775556952379072e-19 8.143475639191172e-14 1.071255974114534e-13 -1.216972252419757e-25 7.346839692639285e-39 -1.664145510080639e-27 -4.614003527225523e-24 0 0 0 0.002499999999998107 -3.160896295140809e-11 -8.673615862111787e-21 
0.0999999999996664 4.362894594211996e-11 2.082827993977921e-27 -4.859205977406772e-14 6.694707089148267e-13 -5.044020494778482e-28 2.057115113939003e-38 -4.409126859387111e-25 1.034906457684809e-23 0 0 0 0.002499999999988327 1.155291953682657e-12 -8.673617324730882e-21 
0.1000000000000142 -9.398358827294787e-11 -2.775557561562925e-19 7.8738041549751e-15 -2.41643130959304e-14 -5.397723945989663e-26 -1.445602896647261e-23 -7.139656290828172e-23 2.336778464494006e-24 0 0 0 0.002500000000000492 -2.347732739552772e-12 8.673617379884141e-21 
0.09999999999996 -1.038232000372123e-13 0 -1.599119447970309e-15 8.436501847210363e-14 -3.711767402747154e-23 -2.938735877055719e-39 -5.885944665921516e-25 -2.301893799627789e-24 0 0 0 0.002499999999998604 -6.532318089225191e-16 -8.673617379884046e-21 
0.09999999999945744 5.164419239478384e-11 -2.220446051715788e-18 6.056820600619889e-14 1.083368871746444e-12 -5.494286172374668e-23 -2.168404344971022e-23 -4.307233995209517e-23 1.171300164757839e-24 0 0 0 0.002499999999981012 1.197577193662307e-12 -5.717184428930461e-29 
0.09999999999567449 1.672881624892322e-09 5.551115123125774e-19 3.892671796011532e-13 2.129827066141153e-11 6.417364127414412e-23 -1.763241526233434e-38 -1.493327807555969e-25 9.264857908716422e-24 0 0 0 0.002499999999848608 4.134886064186694e-11 -8.673617379884022e-21 
0.09999999387306864 -9.131189901423513e-09 5.068828635392555e-27 7.246351028576567e-10 -1.216431379881426e-08 1.6391686701418e-25 0 -3.70925743476901e-25 1.493399817000957e-23 0 0 0 0.002499999785566323 3.965352209729585e-09 8.673615178671385e-21 
0.1000089565952786 0.0001546169262638473 0 -1.299372948592e-06 -2.257032144817967e-05 0 1.44560289664734e-23 -5.678515135766663e-23 -9.181751789789356e-24 0 0 0 0.002500376319320775 6.641838458474491e-06 0 
0.1007438303659301 0.0002391105569981611 -5.55111512312579e-19 -0.0008508003134384248 -4.378117459582976e-05 0 5.877471754111439e-39 2.700386951925069e-23 -2.726116927308127e-24 0 0 0 0.003437003682357805 1.715707955976191e-05 1.734723475976809e-20 
0.1055095924423301 0.0002401561536336913 -5.435132425423539e-19 -0.03558584035695157 -4.378234105927956e-05 -2.114455095546156e-21 6.071532165918601e-22 7.448089036838518e-21 5.939011372117133e-22 0 0 0 0.1997500894454471 1.715708357200368e-05 8.285962309419589e-22 
0.1073557012916025 0.0002428561828466204 5.55111512312579e-19 -0.2364496897916755 -4.378237963148531e-05 1.110223024625158e-18 -3.700743415417197e-21 -1.835069495130383e-19 1.508527353219877e-20 0 0 0 3.908641547037549 1.7157083578856e-05 -1.776356839400253e-17 
0.08863828412031677 0.0002433870878600597 1.110223024625148e-18 -0.102370893057046 -4.378183970929813e-05 2.775557561562871e-18 -1.127511611817201e-31 1.102432035195579e-18 3.323490579130614e-20 0 0 0 21.66922268995 1.715704607274653e-05 0 
0.09805922489705822 0.0002569274013751788 1.37537054860657e-18 -0.02101742892993052 -4.377148958403818e-05 2.638893614511538e-18 5.921189464667962e-20 5.910026342716109e-19 3.262822691738345e-20 0 0 0 24.3365817961972 1.715704985860702e-05 -7.105510217061286e-17 
0.09972041323114726 0.0008558457733290199 1.110223024625158e-18 -0.003284657633335135 -4.26774524282872e-05 2.654126918244518e-18 2.407412430484045e-35 -2.315233677488322e-19 -5.646935205470881e-20 0 0 0 24.90246318971429 1.715709117000593e-05 0 
0.09996603872181556 0.000540503045814282 0 -0.0003781983279792326 0.0001637582589251766 2.097931203759477e-18 -8.907425992790968e-34 4.720650397716217e-19 -6.623220071395347e-20 0 0 0 24.9881157155479 1.718410296280797e-05 -7.105427357601088e-17 
0.09999793249243107 3.206846613161985e-05 0 -2.15722058354055e-05 0.0003218749828529827 1.233279971202263e-20 -8.425943506694158e-35 -1.092417504570071e-21 -3.826653040061206e-20 0 0 0 24.99927640178194 -3.950734857038988e-05 0 
0.100000033332854 -4.887153693018682e-07 5.551115123125774e-19 3.953444739407393e-07 -6.215789182092105e-06 7.528270016518599e-19 2.960594732327054e-20 -2.357193701869986e-19 -1.881543893543207e-19 0 0 0 25.00001166617177 -0.0001864890411873435 -7.105427357600991e-17 
0.0999999987877636 3.160055168927047e-08 5.55111512312579e-19 -1.432452802418993e-08 3.733739615356333e-07 -1.473194112578163e-19 0 -5.896698659421669e-19 9.342054072013603e-20 0 0 0 24.99999957571739 1.114301622084928e-05 0 
0.09999999983577244 1.566486914142398e-09 -2.775556813728464e-19 -2.008881815148278e-09 1.845080941427454e-08 -1.168429937129722e-22 -3.009265538105057e-36 -2.00643409889166e-21 1.018011433672136e-20 0 0 0 24.99999994252034 5.434503735912669e-07 -7.105424763191205e-17 
0.09999999999133684 -2.348349813219261e-10 -2.775557561562894e-19 6.0432689110714e-10 -1.629953519136035e-09 1.489418722625992e-19 9.629649721936181e-35 -6.868776458901207e-22 1.232197848291837e-19 0 0 0 24.9999999969679 -9.352676411111674e-08 7.105427357601009e-17 
0.1000000000261721 1.024888377290717e-09 4.949667832503796e-26 -9.506600520132264e-10 -4.360125692335297e-10 -3.01255614320937e-19 -3.495562849062838e-32 1.191079784113636e-19 2.222057034803068e-19 0 0 0 25.00000000916051 1.245334280142262e-07 7.105427959031071e-17 
