0.09859065556579914 -0.001385899909878407 0 0.02640871005146858 0.1336950110009119 0 -1.657933050106818e-18 2.739164190532094e-18 -7.479437477908739e-19 0 0 0 245.0881388828424 -4.95812874416368 -1.136868377216162e-15 
0.09744661474963921 -0.004373959990594901 -6.631666372616463e-20 0.08752753826017085 0.1992547295753872 -1.12882822384301e-17 6.39488462184116e-18 1.080739574920483e-17 -4.153969092746215e-19 0 0 0 241.1550477898165 -15.22273383776485 1.872045765008738e-15 
0.09502025059734233 -0.008365052062620159 2.775557561562894e-19 0.1789292248940405 0.2978159372777774 0 4.736951571734875e-19 -2.486423743258344e-18 2.225783260432034e-18 0 0 0 232.9004957225353 -26.9819923856072 0 
0.09139743402155703 -0.0140159799167785 0 0.30423082851106 0.4094513534006507 -1.22124532708767e-17 2.819561438582917e-31 -2.231604576212318e-18 3.248664935495459e-18 0 0 0 220.7064486349499 -38.16005800774503 1.136868377216159e-15 
0.08617391928444347 -0.02114300350334111 -2.775557561562894e-19 0.4763700162473972 0.5273166129323011 2.220446049250315e-18 -9.473903143469164e-19 -6.128758636235127e-18 4.863568329724344e-18 0 0 0 203.7697279805325 -53.59089679015555 0 
0.07917403018636653 -0.02407098581437489 2.775557561562925e-19 0.6781538862952493 0.652961702488799 -2.22044604925034e-18 9.47390314346901e-19 7.87682938777627e-18 5.482496018855112e-18 0 0 0 182.9030678062187 -69.06430999171914 0 
0.07221942425776644 -0.01298492346205997 0 0.8701424372256489 0.6689182734620098 -4.440892098500631e-18 4.736951571733635e-19 -3.647357326255672e-18 6.477458450124496e-18 0 0 0 164.3069044047226 -49.39393587349713 0 
0.06638882379805734 -0.001377021609604005 8.98405715613585e-19 0.9921384933302871 0.4204975195746711 -2.451527130377205e-17 6.868579779014156e-18 1.10764969649531e-17 9.256326191212829e-18 0 0 0 145.3616756092839 -23.99314331059701 -6.244221626033147e-15 
0.06312824776449034 -0.0009643623637990845 7.860936759026933e-19 1.092500725259613 0.3901774813130775 2.772528921681637e-17 1.24344978758302e-17 3.069766321134183e-17 9.921258162256007e-18 0 0 0 136.0124401131044 -9.884246848736131 -2.182659317639954e-15 
0.06208410706517736 0.0008592145336248338 1.42879733038933e-18 1.150643587102957 0.7536183739209223 4.891187542321499e-18 1.681617807965431e-17 -2.81986580892903e-17 7.256577901901937e-18 0 0 0 131.4556544858405 22.35011935722993 2.772288101705477e-15 
0.05809616061637783 0.0004196861906122946 0 1.200414046587345 0.5633146359550401 -3.552713678800505e-17 -2.664535259101537e-18 -4.095787213314325e-17 4.948266636577784e-18 0 0 0 120.5241065688611 -10.2965302638758 0 
0.06418525210947169 0.0004201403798450541 0 1.3596391724748 1.122183251287151 -3.552713678800505e-17 -9.224858290440819e-18 -3.112226968849373e-18 1.340225990512287e-18 0 0 0 120.8296985788403 16.34554383912128 -5.684341886080809e-16 
0.1032738923490597 0.0004201507954541764 -5.551115123125789e-19 2.095956640231807 1.569513348383286 -1.776356839400252e-17 -1.313611401367495e-17 -4.40252024402851e-17 1.81209460181707e-18 0 0 0 128.7319806427981 55.98347785769793 -3.410605131648485e-15 
0.1639666564610858 0.0004201601896037053 -5.551115123125789e-19 3.030318605260654 0.7228496259478665 -8.881784197001262e-18 -2.469482951461381e-17 6.227858520418655e-18 6.437333335525724e-18 0 0 0 120.9431123190855 -81.12163004606758 0 
0.1988203673894466 0.0004201398099363059 0 2.813571258424896 -2.034220583047222 8.881784197001237e-18 -1.393539869726603e-17 5.785287959163579e-17 7.834925806990508e-18 0 0 0 77.45404029643423 -201.7553116201739 0 
0.174883954816876 0.0004201381589017898 0 1.366006091428472 -2.795055043145131 8.881784197001262e-18 -8.011458973077516e-19 1.636583683375274e-17 2.293759858722148e-18 0 0 0 25.28470225523909 -25.29377883813932 -7.105427357601009e-17 
0.1209772211033658 0.0004200290073984991 0 0.2273801455663962 -0.3180792334815853 -1.11022302462517e-18 2.300821570304063e-19 -2.974273052590501e-18 2.199393880126346e-19 0 0 0 2.529702730379396 -0.6649863199332273 -8.88178419700136e-18 
0.1039241406780431 0.0004127931228375202 -5.551115123125789e-19 0.01512334864423203 -0.002101626985630778 0 -5.016242051366021e-21 7.764649542437966e-20 4.176003418400903e-21 0 0 0 0.06297918456139713 -0.001299571409717575 0 
0.1002504934586212 -0.0002181091223621953 5.551115123125789e-19 0.0001350701736017643 -0.0005391675758825177 2.168404344971011e-21 -1.807003620809366e-23 4.6993741526829e-23 4.402919922428387e-24 0 0 0 0.002576051306685619 -0.0008943332969844985 -8.673617379884045e-21 
0.09999835298939498 2.818439932897309e-05 0 -1.931307564004725e-07 3.121958976122255e-06 5.346895479542731e-23 -3.614007241618397e-24 -6.906752096804103e-23 1.618702394071065e-23 0 0 0 0.002499942601411423 7.919116200196894e-07 8.673617379883971e-21 
0.1000000007351724 3.245117629474561e-08 5.55111512312579e-19 8.727288343390886e-11 3.159771989238671e-09 5.953632458850423e-23 -1.807003620809174e-23 1.959775584164549e-22 -1.542777095048846e-25 0 0 0 0.00250000002573085 5.213597565820204e-10 8.673617379884046e-21 
0.1000000000022395 1.560777982551045e-10 -5.551115198503097e-19 2.24513615569122e-13 1.118589627701046e-12 -4.298695731390761e-23 3.614007241615206e-24 -6.742698563874646e-23 1.176645137652714e-23 0 0 0 0.002500000000078389 2.62832155128663e-12 -8.67361750681805e-21 
0.1000000000002382 8.899131431761058e-13 0 1.416029261439947e-14 -4.62915968885416e-13 5.251487435734628e-25 1.175494350822288e-38 -3.337421280873089e-24 -2.75813338696188e-23 0 0 0 0.002500000000008358 1.238700982064694e-15 0 
0.1000000000007164 -4.894721780668366e-11 5.551115099486876e-19 -6.867922596370488e-14 -1.293580234776759e-12 -3.704544516097074e-23 -2.891205793294475e-23 -2.268182023995268e-22 -1.041844653563943e-23 0 0 0 0.002500000000025086 -1.08835737731157e-12 -5.256189474007005e-29 
0.09999999999848171 -5.079210489700183e-10 0 3.228958838728265e-13 2.828588121060571e-12 -4.60576426891513e-24 1.116719633281174e-37 -2.291304675956604e-24 -1.051098244412905e-23 0 0 0 0.002499999999946879 -1.266191199198605e-11 0 
0.09999999999910975 1.056375343103096e-09 5.551114865107083e-19 -3.944150439113785e-13 1.674949684566683e-12 9.145242496399392e-24 -3.614007241619673e-24 -1.939896013492935e-24 -7.268983078160466e-24 0 0 0 0.002499999999968856 2.59963017367088e-11 -6.349572403503341e-28 
0.1000000000008367 1.465784958687425e-10 0 1.981021120292684e-13 -1.530852751228363e-12 5.299257191840213e-24 -5.05961013826623e-23 -2.573523002513136e-22 1.782966489877433e-23 0 0 0 0.002500000000029287 3.257780872324683e-12 0 
0.1000000000000534 4.568181336678268e-10 1.090415521638271e-26 -1.087455903104023e-13 -1.592227551227387e-13 1.129985387106645e-23 3.252606517455394e-23 -1.114465883754877e-22 -1.78402139170029e-24 0 0 0 0.00250000000000186 1.114695087536122e-11 8.673617645959443e-21 
0.1000000000011297 8.767214385030329e-11 5.55111512312585e-19 -1.375302649549189e-14 -2.105704342744763e-12 6.904337127615712e-23 7.228014483244015e-24 1.518085338391728e-22 4.708294736843486e-24 0 0 0 0.002500000000039535 2.135116627770264e-12 0 
0.1000000000001176 -3.667903654414079e-10 2.775557470956638e-19 1.28785762147213e-13 -2.362943893553259e-13 -5.903841050985951e-23 1.445602896645954e-23 1.304637486069477e-22 -1.181908805179337e-23 0 0 0 0.002500000000004128 -9.008562667535483e-12 -2.225336796531523e-28 
0.09999999999943483 -3.543085963508844e-12 -2.775557561562895e-19 -5.123119151129174e-14 1.061345325065772e-12 4.096085630429362e-23 1.910178320086217e-38 -3.24599535661056e-25 -4.06448707881403e-24 0 0 0 0.002499999999980229 -1.451475658414975e-14 0 
0.09999999999952601 4.754738269774324e-11 0 4.085287779362896e-14 8.965673662018172e-13 -6.966506081731077e-23 1.084202172485306e-23 -8.26092763102595e-23 -6.69480087126787e-24 0 0 0 0.00249999999998342 1.093515469147149e-12 0 
0.1000000000000604 3.465157414478393e-10 4.440892098500612e-18 -1.01566845905913e-13 -1.116142888367169e-13 -2.903592468884804e-23 7.228014483236479e-24 -1.04544261970258e-22 9.706735973042386e-24 0 0 0 0.002500000000002116 8.477951413815578e-12 8.673617379884009e-21 
0.1000000000004434 4.081804338973444e-12 0 5.804588222117294e-14 -8.397057416010968e-13 -2.03679871877562e-22 1.445602896647338e-23 -5.558247493419822e-23 4.247201380553683e-24 0 0 0 0.002500000000015524 1.743126042813577e-14 0 
0.1000000000004144 1.851682869535852e-11 4.522718103337908e-28 -5.474694355264424e-14 -7.867424566128419e-13 7.761763042826697e-23 -3.614007241618603e-24 -1.641694410305257e-23 3.829340297768773e-24 0 0 0 0.002500000000014513 5.244746694235688e-13 -8.6736173670738e-21 
0.1000000000000593 -3.031116156682065e-10 5.551115124808387e-19 9.509391769396191e-14 -1.183551725589911e-13 -1.007692487296708e-22 1.00945577376864e-35 -6.971784640776007e-23 3.628493992880273e-24 0 0 0 0.002500000000002091 -7.422876332693916e-12 -8.673617375763507e-21 
0.09999999999982244 -2.724907972873057e-11 -6.655562257230331e-28 -6.816907108242722e-14 3.288059174785791e-13 1.397105385890121e-22 2.709147136660741e-38 -1.49659325931376e-24 -1.957780678251079e-25 0 0 0 0.002499999999993792 -5.622401415966701e-13 8.673617366151383e-21 
0.09999999999997075 -1.745151766152631e-10 0 5.124548517013654e-14 6.739318562670856e-14 8.528919244824602e-25 -1.46936793852786e-39 -7.233941666295366e-27 5.293824675507998e-24 0 0 0 0.002499999999998993 -4.263969277488984e-12 0 
0.09999999999973185 -1.697860602112307e-12 0 -2.402093408441587e-14 5.031629741289195e-13 -5.064468621593479e-23 1.175494350822288e-38 1.005898978021331e-24 -8.753937949687342e-24 0 0 0 0.002499999999990621 -7.334627696864467e-15 8.673617379884046e-21 
0.09999999999988064 2.279435321050903e-11 0 7.082725841010355e-15 2.25598822371675e-13 -9.139253707539101e-23 -3.614007241617833e-24 1.319375007956926e-23 -2.497853824025309e-23 0 0 0 0.002499999999995835 5.302697300355038e-13 0 
0.1000000000001332 8.610039764489504e-11 2.775557561562889e-18 -3.583617546229386e-14 -2.465746192405164e-13 4.618715880658178e-22 -3.614007241618215e-23 2.154024074529842e-22 -8.044510926611232e-24 0 0 0 0.002500000000004682 2.128310548632499e-12 0 
0.1000000000000455 -7.418601323527791e-11 2.498001804521201e-18 4.590295712980884e-14 -8.672829166816633e-14 -2.716155308806276e-22 -1.445602896647199e-23 -1.537715440431487e-22 1.447191936661463e-24 0 0 0 0.00250000000000159 -1.848609427427402e-12 -2.206296406109207e-29 
0.09999999999993944 5.271950410945523e-11 -1.110223023981321e-18 -3.390867841142574e-14 1.086826575063167e-13 -5.998051771030671e-23 3.614007241621488e-24 1.253454306179199e-22 -1.181952388068014e-23 0 0 0 0.002499999999997895 1.311955101848672e-12 1.602219037481519e-29 
0.1000000000000507 -3.12607145031008e-11 -1.665334536937736e-18 2.130775694775383e-14 -9.121423475814835e-14 2.34954223842419e-22 -2.168404344971132e-23 8.598956109822026e-23 1.170639621261911e-22 0 0 0 0.00250000000000177 -7.870033834692104e-13 0 
0.09999999999996244 1.598001245217694e-11 9.757757767011955e-29 -1.131274449117603e-14 6.681678469695304e-14 -2.520390103890001e-25 -7.228014483236698e-24 -2.335061804445195e-23 1.016711631415494e-22 0 0 0 0.002499999999998698 4.172687586082023e-13 2.547937607949705e-30 
0.1000000000000234 -4.906448511365899e-12 -5.551115122826182e-19 4.397968563404069e-15 -4.284913922501208e-14 1.042934596088317e-23 1.445602896647288e-23 1.374212153707638e-22 9.787259809030179e-23 0 0 0 0.002500000000000831 -1.309756881943957e-13 8.673617380683799e-21 
0.1000000000000027 -1.453698272868564e-13 0 -2.083892780557757e-15 -6.903577183557844e-15 -9.395682444244214e-24 9.403954806578298e-38 -1.384370948706521e-23 1.216394712973563e-22 0 0 0 0.002500000000000115 -6.261267546103787e-16 -8.673617379884046e-21 
0.1000000000000026 -8.23061237220646e-12 -2.51289922465678e-29 2.146430718349058e-15 -4.770871688583991e-15 -5.944754230470011e-24 1.084202172485592e-23 -1.239630176805643e-22 6.248863612728417e-23 0 0 0 0.002500000000000096 -1.916882993481528e-13 8.673617379298791e-21 
0.099999999999988 -1.641872401925148e-12 -2.775557561599349e-19 -4.635678415206596e-16 2.247252613341265e-14 7.532047848678825e-23 1.469367938527859e-38 -2.702123926774555e-24 8.76599447597341e-24 0 0 0 0.002499999999999577 -4.820227333598991e-14 -1.070305473937825e-31 
0.09999999999999717 7.620640229966115e-13 0 -6.065913974821274e-16 5.064079040113354e-15 -6.636490894886857e-23 -2.350988701644575e-38 7.125723103837205e-23 1.139358995965232e-23 0 0 0 0.00249999999999991 2.384160577295625e-14 -8.673617379884039e-21 
0.1000000000000089 -7.485331798839921e-14 -5.551115123125785e-19 -7.692251928019061e-16 -1.731117764376229e-14 1.45949538277101e-23 0 4.592691370718615e-25 9.144561039866505e-24 0 0 0 0.002500000000000329 -2.249719507907421e-16 -8.673617379884039e-21 
0.09999999999999577 -6.236938049353217e-12 0 2.299447206717988e-15 7.454805610686096e-15 -1.744665247349559e-23 0 -1.64091170260694e-24 -3.747731841709479e-24 0 0 0 0.00249999999999986 -1.434778944958693e-13 0 
0.09999999999999151 2.640639443218797e-12 -2.77555756155483e-18 -1.83561568722899e-15 1.460583957869636e-14 -5.466620327477847e-23 3.975407965780162e-23 -4.002518619367225e-23 1.011053325220823e-22 0 0 0 0.002499999999999717 7.144756791407919e-14 2.181375211171208e-31 
0.1000000000000183 -1.033027829944187e-13 -5.551115123125784e-19 -1.228061865162406e-15 -3.475146589586753e-14 1.771704642900532e-23 0 -1.63723203079001e-24 1.037874910204136e-22 0 0 0 0.002500000000000658 -4.119968255444912e-16 0 
0.09999999999999987 -1.093474269464597e-11 2.775557561562895e-19 3.350214781520455e-15 1.018515367507584e-15 1.367200078387504e-25 -7.052966104933726e-38 4.142472291082618e-25 8.460101349700062e-23 0 0 0 0.002500000000000007 -2.632957870826728e-13 0 
0.09999999999994093 2.497134443668621e-13 0 3.337814746817712e-15 1.12883469214927e-13 8.2411811567944e-24 0 1.23851470721085e-23 7.490140654076093e-23 0 0 0 0.002499999999997946 1.338989683019602e-15 -8.673617379884033e-21 
0.09999999999988024 3.296867986946063e-11 0 3.629808490819092e-15 2.192003794296444e-13 -6.135718569927428e-23 1.445602896647254e-23 -6.690475496169187e-23 1.535119450447576e-23 0 0 0 0.002499999999995807 7.943488531877989e-13 -8.673617379884033e-21 
0.1000000000001785 8.596586983933314e-11 5.551115123125786e-19 -3.763688157429498e-14 -3.283494266663032e-13 1.618550895673146e-22 -1.084202172485023e-23 1.527290419775508e-22 8.617748197162166e-24 0 0 0 0.002500000000006268 2.127800973611434e-12 0 
0.09999999999996995 -9.545992468718056e-11 2.77555754990489e-19 6.140105114164239e-14 5.309059116386819e-14 -9.073563592159332e-23 -9.550891600431084e-38 3.627929154896457e-24 -3.535333819140395e-24 0 0 0 0.002499999999998956 -2.384588837153767e-12 -8.673617409005706e-21 
0.09999999999989406 1.063983970372993e-10 0 -5.276307400251116e-14 1.876103732165391e-13 -1.688992976151728e-23 -7.228014483234005e-24 2.656873713507242e-23 -1.138848540320795e-23 0 0 0 0.002499999999996309 2.651638674258657e-12 -8.67361737988404e-21 
0.1000000000003126 -2.205683552469749e-11 -5.551115123125789e-19 5.132957716281696e-15 -5.798938322144231e-13 -9.093670446670849e-25 -1.084202172485501e-23 -8.499044957782087e-23 1.855605625001692e-23 0 0 0 0.002500000000010955 -5.279061692994854e-13 8.673617379884045e-21 
0.1000000000000274 -1.194862785103279e-10 -2.775557546970683e-19 2.731086930681716e-14 -6.691905456040041e-14 -4.906271579315328e-23 -2.529805069132958e-23 -5.847646065260412e-23 -1.570830975964968e-23 0 0 0 0.002500000000000983 -2.924549979358565e-12 8.673617415599958e-21 
0.1000000000001645 -4.73756884417089e-11 2.775557572871374e-19 -4.287053374333191e-14 -3.051454718831245e-13 -5.878433040880602e-23 3.614007241618157e-24 2.884160938250133e-23 -5.32763449677855e-24 0 0 0 0.002500000000005757 -1.071470928475098e-12 -8.673617354308253e-21 
0.09999999999994155 -2.38720718540032e-10 5.698214620831392e-27 6.819935704134005e-14 1.155388047700922e-13 8.938737762878902e-23 -2.938735877055716e-38 2.326726781367334e-25 -5.243984641834847e-24 0 0 0 0.002499999999997956 -5.856465757226482e-12 -8.673617240091372e-21 
0.09999999999961252 -2.105954299835853e-12 0 -3.084683157054493e-14 7.363044964689288e-13 1.045598834695748e-22 -1.46936793852786e-38 -7.417457189280971e-25 -6.900675114518396e-24 0 0 0 0.002499999999986454 -8.722406477645919e-15 0 
0.09999999999952555 4.758199043108898e-11 5.551115123125789e-18 4.078407426593883e-14 8.921363397958426e-13 2.244670106642717e-22 -3.975407965780251e-23 -1.071503044697691e-23 -9.146584218491577e-24 0 0 0 0.002499999999983399 1.093951860521574e-12 8.673617379884046e-21 
0.1000000000000598 3.465130092583655e-10 0 -1.015557399749234e-13 -1.123836156726155e-13 -2.759859613816392e-22 1.807003620810891e-23 8.299257118619332e-23 1.266945741029651e-23 0 0 0 0.002500000000002119 8.477992071397067e-12 0 
0.100000000000473 3.810840532025866e-12 0 5.464566206943754e-14 -8.996330092448411e-13 -9.871035906697914e-23 -1.445602896647335e-23 5.70689175516459e-23 -1.386570640625362e-23 0 0 0 0.002500000000016567 1.599469254959247e-14 0 
0.1000000000005628 -4.557812460781482e-12 5.55111512312579e-19 -6.485970325635171e-14 -1.062610860440434e-12 1.819180546741202e-23 1.910178320086217e-38 2.422371464274563e-24 -1.79399939592872e-24 0 0 0 0.00250000000001971 -1.957255971879465e-14 0 
0.1000000000000315 -4.109674840019321e-10 5.551115222363526e-19 1.251950085268195e-13 -3.692276434977152e-14 7.368595314308466e-23 7.228014483228048e-24 2.701771240201787e-23 2.710942429110747e-24 0 0 0 0.002500000000001107 -1.006764252043167e-11 2.431068955248562e-28 
0.09999999999872321 -2.02113499547794e-11 2.775557566443431e-19 2.373375801443525e-14 2.375774970414729e-12 1.459795452494989e-22 1.322431144675074e-38 -1.303846796827984e-24 -1.36651390276785e-24 0 0 0 0.002499999999955308 -5.206609882818467e-13 1.25725835244176e-29 
0.09999999999997126 5.190687289713405e-10 0 -1.658072850315225e-13 6.450211750699249e-14 -1.084479155811932e-22 4.336808689939505e-23 -1.689410073601238e-22 2.192041890688723e-23 0 0 0 0.00249999999999901 1.271100466635619e-11 0 
0.1000000000008894 4.272797393678491e-12 5.55111512312579e-19 6.150652232898377e-14 -1.674387132369237e-12 1.627767146269246e-24 2.938735877055719e-38 -1.25407347690514e-24 1.518671409058464e-23 0 0 0 0.002500000000031132 1.738789234123635e-14 0 
0.1000000000006822 -1.351314893316406e-10 0 -3.796193452174168e-14 -1.291281350930451e-12 1.221673108758186e-22 -1.445602896647634e-23 -1.992420071519149e-24 2.005435565077055e-23 0 0 0 0.002500000000023887 -3.207696152966715e-12 0 
0.09999999999982172 -4.99355895175466e-10 -1.19195228645813e-26 1.357842609183619e-13 3.351163139950807e-13 -1.22725153501961e-22 -1.76324152623343e-37 9.696664200083866e-25 2.164625378821612e-23 0 0 0 0.00249999999999376 -1.221700420949567e-11 -2.91617386354477e-28 
0.0999999999991965 -4.645849677187305e-12 0 -6.469860318788117e-14 1.501583230742742e-12 -1.121409963079781e-22 -2.057115113939003e-38 -1.492085414023506e-25 -8.607075436146987e-24 0 0 0 0.002499999999971882 -2.043450044592063e-14 0 
0.09999999999994121 8.700275742901147e-11 8.355248179558462e-27 -2.005544156672393e-14 1.237478388613589e-13 7.134011385197437e-23 -3.614007241618612e-24 -4.275338098457666e-23 -4.060358377580667e-24 0 0 0 0.002499999999997956 2.130790661102065e-12 2.046289717509184e-28 
0.1000000000002939 4.256924673873263e-11 2.032238388422486e-27 -1.983108307199205e-14 -5.960583159144681e-13 -5.039500510647893e-23 3.614007241618609e-24 1.400345547086403e-23 -1.237230066464755e-23 0 0 0 0.002500000000010287 1.059791360571988e-12 -8.673617329290041e-21 
0.1000000000016676 -1.427052486596711e-10 -2.775557629689795e-19 -1.365481581970371e-13 -3.103852061861375e-12 6.852747820903681e-23 -7.993361585591557e-37 1.41862876075753e-23 -1.024727403750143e-23 0 0 0 0.002500000000058374 -3.253080855907021e-12 -8.673617535184791e-21 
0.09999999999975899 -1.169799413586176e-09 -2.77555699985858e-19 3.534782385774023e-13 4.400950282515345e-13 -9.801833474125813e-23 -2.145277190250671e-37 7.816156079544165e-25 -7.76259331073843e-24 0 0 0 0.002499999999991587 -2.868792714234113e-11 8.673618757396352e-21 
0.09999999999851107 2.920112068816023e-11 1.394049530912701e-27 -2.114442514596083e-13 2.774889161704905e-12 6.472664558635317e-23 4.701977403289151e-37 2.506999941475123e-23 1.900223400808557e-23 0 0 0 0.002499999999947889 1.002724379223213e-12 4.786965080616293e-29 
0.09999999999981425 -8.758883375536781e-11 0 6.443647698750895e-14 -1.781502845809686e-15 2.630619686055177e-22 -1.084202172484981e-23 -1.528407411647422e-22 1.427200601087949e-23 0 0 0 0.002499999999993503 -2.126382024018137e-12 -8.673617379884141e-21 
0.1000000000634522 8.503296157480502e-10 -5.55111512312579e-19 -7.547492521242648e-12 -1.15190632109662e-10 -2.214712759095086e-22 2.350988701644576e-38 1.360694397332313e-23 -8.766599419988822e-24 0 0 0 0.002500000002220831 4.450920697545593e-11 -8.673617379884046e-21 
0.1000000162590932 -4.51645149231181e-08 -2.220443893114888e-18 -1.92816162786024e-09 2.500896969977156e-09 -3.860901374194949e-22 1.807003620809355e-23 2.706727909764748e-22 -8.953029485911245e-24 0 0 0 0.002500000569065897 1.843847091068791e-09 -8.673705404388304e-21 
0.0999997324697557 -3.171900489224588e-06 2.775557561562887e-19 2.919237039188365e-09 -5.039290528048797e-07 8.854141276767595e-23 8.757432913626055e-37 3.837486093535592e-24 1.843691973989176e-23 0 0 0 0.002499996877603755 4.443619681904997e-07 0 
0.1008685804197573 0.0001374954554552328 -7.632531021386109e-23 -0.000529220246687904 -0.0001797855983148127 9.980105537255755e-23 7.228014483240274e-24 1.972576264732168e-22 6.210465805555599e-23 0 0 0 0.002843201209502943 0.0002664020897794235 1.71993518928274e-20 
0.1084129855637261 0.0001385641682659719 0 -0.02328943922742386 -0.0001798173816619646 0 1.066132136277413e-21 1.71294927042131e-20 1.87988703107538e-22 0 0 0 0.06778845564788742 0.0002664033195031682 2.775557561562895e-19 
0.128178355390817 0.0001388246181051849 0 -0.1952019988603826 -0.000179817699868038 5.55111512312579e-19 -2.506314022062325e-20 -3.176833041801532e-19 1.897376503354414e-21 0 0 0 1.297933068867702 0.0002664033203730886 4.440892098500632e-18 
0.1302915374362869 0.0001921867144454536 5.643931123326704e-19 -0.4901127897763028 -0.0001798426055720979 2.211760604284425e-18 3.021310053989841e-20 9.549538932708601e-19 1.917061166730544e-20 0 0 0 5.997938161999632 0.0002664033196014811 -1.77507025251848e-17 
0.09354976220628794 0.000190370674620772 5.55111512312579e-19 -0.5060421431260009 -0.0002042924562753465 2.220446049250316e-18 -7.401486830834378e-20 -7.328716572540911e-19 2.775203609614181e-20 0 0 0 11.44019108621241 0.0002664033204924376 -3.552713678800505e-17 
0.06936654760436621 0.00020546075436363 1.387778780781435e-18 -0.2735679507867316 -0.0002042400163435208 3.330669073875445e-18 -1.184237892936231e-19 -4.321253243502998e-19 -1.180835589889746e-20 0 0 0 16.25781488073055 0.0002664032966559471 0 
0.0830450456321459 0.0002091477476920042 1.100122296566085e-18 -0.161349285929431 -0.0002041880833177588 1.675195739485962e-18 -1.480297366166731e-19 2.198875931466749e-19 -7.009909653701395e-20 0 0 0 19.58506779520007 0.0002664032998644913 -7.106713944387464e-17 
0.09179711762716865 0.0002187806699279716 1.110223024625158e-18 -0.08696892864306913 -0.0002041568191642985 2.498001805406605e-18 2.960594732333767e-20 -2.403749956375825e-19 -1.027539912646252e-19 0 0 0 22.26277196890274 0.0002664033007304678 7.105427357601011e-17 
0.09646355584495882 0.0002641931631454921 1.11022302462517e-18 -0.03981609050544467 -0.0002040693658276198 2.359223927328486e-18 -5.921189464671172e-20 4.695083126690052e-19 5.833028761969494e-20 0 0 0 23.7877694267722 0.0002664032999533044 7.105427357601088e-17 
0.0986545841336384 0.0005853143550650344 1.665334536937737e-18 -0.01565721210658661 -0.0002034839278608127 2.220446049250315e-18 1.184237892933611e-19 7.35851632541213e-20 -1.88543135828905e-19 0 0 0 24.53214200962584 0.0002664033326160782 0 
0.0995471280553442 0.00219817899394172 1.110223024625155e-18 -0.005325634979982028 -0.0001957257606480768 2.203098814490542e-18 -5.921189464702064e-20 1.511013924893208e-19 -2.602701546124031e-19 0 0 0 24.84150815082152 0.0002664038045940846 0 
0.09986472319569337 0.001682883256068277 1.665334536937737e-18 -0.001557245425855709 -5.927911122301002e-05 2.177077962350895e-18 4.144832625267249e-19 1.058131451857374e-18 7.45288119205206e-20 0 0 0 24.9526192757381 0.0002664123222029257 7.105427357601011e-17 
0.09996474660654296 0.0005065851050796059 2.418416524643594e-20 -0.0003605579593486808 0.0004576985839755457 9.932954893165363e-19 2.960594732332543e-20 -1.043667312572821e-18 -3.115309758830427e-20 0 0 0 24.98765900228301 0.0002667732283412313 1.273564455969485e-20 
0.09999553740806448 5.998619997792713e-05 0 -4.208085527867119e-05 0.0004727896291667092 6.160301218791083e-19 5.921189464666966e-20 -3.441980698535482e-19 2.307044938660431e-19 0 0 0 24.99843808971515 3.612412473596949e-05 -7.105427357601009e-17 
0.1000000440830245 -2.452686699572389e-08 -1.184517722034793e-24 8.107837706337447e-07 -4.891874974842705e-07 -1.519368666718853e-19 -2.960594732247378e-20 1.517943854875372e-18 1.100274906631912e-18 0 0 0 25.00001542882354 -6.035678861149734e-05 -7.105718848909975e-17 
