0.09997302911268158 -0.0002294503603429708 -2.775557561562894e-19 0.0006982641721110381 0.01850319478225655 0 2.368475785866467e-19 -9.708190839392335e-19 -3.674238074300089e-19 0 0 0 249.9056319739887 -0.8009255873814104 0 
0.09991660049965294 -0.001062184569150911 -2.262578693756185e-19 0.003151506556442957 0.03988208803246422 -1.960788009083498e-18 9.473903143469748e-19 -3.735045280082169e-18 1.378125309268517e-19 0 0 0 249.7082828576017 -2.781532229561441 1.343332689373287e-16 
0.0997390859305386 -0.00305651315870363 0 0.00975098988015166 0.09616125817577122 -6.938893903907236e-20 4.736951571734465e-19 -9.741065988619353e-19 -6.114857869500599e-19 0 0 0 249.0875702713018 -8.310437741350398 -1.136868377216162e-15 
0.09930711403464494 -0.007155688122480629 0 0.02585079117273114 0.1970597692589592 1.387778780781444e-19 4.237045877651925e-33 -1.926844617512041e-20 -1.202891768995e-18 0 0 0 247.5757259751344 -18.09514274041464 0 
0.09811915490887856 -0.01389297174493743 -2.775557561562894e-19 0.07005971124570443 0.3697102454028992 -5.551115123125789e-19 -2.431486554788886e-33 -5.310426031995337e-20 7.024153698451638e-20 0 0 0 243.4193138042901 -34.78172580403768 1.136868377216162e-15 
0.09577841416513989 -0.02369755558547185 2.775557561562925e-19 0.1574833957273246 0.5160725520151822 0 1.030372520247171e-31 -3.012648914397851e-18 1.631950157151974e-19 0 0 0 235.0892045912993 -50.65913077422228 0 
0.09197494072436339 -0.04207773199992341 0 0.3062446840859929 0.7605920345976795 1.110223024625158e-18 5.392603844284261e-33 6.490728805343148e-19 9.092176580984423e-19 0 0 0 220.9440922089919 -76.09697651982127 -1.136868377216162e-15 
0.08616040005547596 -0.06255609967522952 2.986402554178005e-18 0.5283530948764406 0.8538471212671466 -4.520320364075053e-17 -2.368475785866994e-19 -6.486975494314202e-18 2.312519376415115e-18 0 0 0 198.0303023583128 -97.43854020290071 4.083241776614271e-15 
0.07705726381641134 -0.06520916486738025 -2.316589888508053e-18 0.827664845794318 0.6863970010519723 2.870844622666692e-17 1.006602208993756e-17 1.541185671750051e-17 3.881401486617023e-18 0 0 0 165.2914242446553 -78.72301867244286 -3.912995619207019e-16 
0.06267061797139413 -0.03346202596593315 -1.597463402153307e-18 1.029610269878187 -0.4924719936985069 -2.795130319314756e-17 1.172395514004158e-17 8.116731200531127e-18 2.18021799550135e-18 0 0 0 127.0670827593887 -23.32546356246025 3.43392544045941e-15 
0.06529324298224753 0.03523492743030559 -2.775557561562894e-19 1.071079412728211 -0.9736022516932322 1.332267629550189e-17 2.190840101926648e-18 -6.94402094057698e-17 -7.997201761138696e-18 0 0 0 131.0340865354435 -76.35812790518419 3.410605131648485e-15 
0.1250498952641289 0.07019709507157812 0 2.390019795938932 0.4530153207134449 0 -8.988010711854145e-18 3.057113248013948e-17 6.136684330834357e-18 0 0 0 117.2860016188993 -177.556527412524 8.526512829121212e-16 
0.150530021877003 -0.18981999895244 5.551115123125789e-19 1.76539299436603 -0.255389390154877 0 -3.247727607680373e-18 2.531439383679056e-18 3.826240134381652e-18 0 0 0 51.84717978811987 -156.536636586351 1.278976924368182e-15 
0.1357975872404749 -0.1716136401695256 5.551115123125789e-19 0.70656314553134 -0.3676519600807235 0 -2.223915496202155e-18 7.468872159193185e-18 5.228971086753665e-19 0 0 0 12.74984853259963 -14.39077312902005 1.065814103640151e-16 
0.1110875606622752 -0.03915070454706036 0 0.1040239957597161 -0.03769320735873354 0 -1.320196845366117e-20 2.741841214869792e-19 3.1552247990083e-20 0 0 0 0.9683216284574175 -0.09169252861375235 0 
0.1014969616134439 -0.001163302878522386 0 0.003531876264940809 -0.0002016885153526848 1.734723475976809e-20 2.963485938127151e-22 -3.991790694249095e-21 2.083865230887281e-22 0 0 0 0.01092711436895421 -6.4785170092799e-05 -3.469446951953618e-20 
0.1000481818697009 -0.0007634797937426459 5.55111512312585e-19 1.16361668507419e-05 -0.0002008376568885713 0 2.497925495497361e-38 -6.075563951192291e-24 -4.104549844399435e-24 0 0 0 0.002503739677970999 -6.470371743139403e-05 -8.673617379884141e-21 
0.09999992736430528 1.148107343570941e-06 -5.551115123125789e-19 -8.584705728481447e-09 -7.272330348717112e-09 -1.809871180266027e-23 -7.228014483239678e-24 -8.357386860456226e-23 -1.984380151786926e-24 0 0 0 0.002499997458436976 -3.631709241604227e-08 0 
0.09999999990639981 2.787673911153211e-09 0 -1.081623197327101e-11 1.403167106772979e-10 2.028799392779817e-23 2.350988701644576e-38 -1.401000094417006e-24 -1.36145952406211e-23 0 0 0 0.002499999996723991 -1.139238985266305e-12 0 
0.09999999999982574 1.463874854668028e-09 0 -2.454653149722418e-13 4.648222258118822e-13 1.318429486247301e-22 -3.614007241613635e-24 2.917094823746038e-23 -1.119744336536226e-25 0 0 0 0.002499999999993909 3.618894734661716e-11 -8.673617379883971e-21 
0.1000000000008781 8.782904958870611e-12 0 1.234096891807498e-13 -1.712180841127319e-12 -1.767287491676851e-22 -1.175494350822288e-38 1.290021069542422e-22 9.092248719809896e-24 0 0 0 0.002500000000030736 3.845936156349221e-14 8.673617379884046e-21 
0.09999999999999837 1.371578198239291e-10 -6.623995976552303e-27 -2.136891358306438e-14 -1.359077242692484e-14 3.308379708453372e-23 -4.701977403289151e-38 -5.710654992459136e-23 -1.586306372682536e-23 0 0 0 0.002499999999999945 3.404088534490739e-12 -1.643994398951546e-28 
0.1000000000001207 4.714978407704981e-13 5.55111512312579e-19 7.137778793945646e-15 -2.423336724542562e-13 5.368815664801237e-25 -8.816207631167158e-39 -2.783881084914846e-25 -7.072878782349443e-24 0 0 0 0.002500000000004237 1.929879867024206e-15 0 
0.1000000000003635 -4.865686846489203e-11 -2.775557585061583e-19 -3.530433561234231e-14 -6.991646380965689e-13 -2.914038958031239e-25 -1.44560289664732e-23 -2.846335911422532e-23 -1.110476128836883e-23 0 0 0 0.002500000000012729 -1.147144174356451e-12 -8.673617435285029e-21 
0.09999999999922744 -5.415268060360315e-10 0 1.670487570029101e-13 1.509388919984669e-12 -3.433091256546927e-23 -2.718330686276541e-38 1.628808965413373e-25 2.395401896699911e-24 0 0 0 0.002499999999972971 -1.35080287884046e-11 -8.673617379884031e-21 
0.09999999999954642 1.115687013261698e-09 -2.725055102876495e-26 -2.040890408059789e-13 8.900920715753523e-13 1.51818723239747e-22 -3.614007241609487e-24 2.889021226608622e-23 -5.779451153258415e-25 0 0 0 0.002499999999984135 2.768437470370898e-11 -8.673618056072285e-21 
0.1000000000004251 1.454142362078407e-10 2.220446049250316e-18 1.022657363884021e-13 -8.229494346337849e-13 3.375326481310904e-24 -2.168404344970769e-23 -1.455240287479878e-22 6.274753313919943e-24 0 0 0 0.00250000000001488 3.428377373659845e-12 0 
0.1000000000000285 4.800166774482386e-10 1.145789970140265e-26 -5.623696786028496e-14 -7.228361737634707e-14 -9.210422815733053e-23 1.534020127823084e-36 1.64307844990513e-23 -1.089732122989922e-23 0 0 0 0.002500000000000992 1.185884344282607e-11 2.830681622664862e-28 
0.1000000000005752 9.186878688338636e-11 -5.55111512312585e-19 -7.108207078516951e-15 -1.123340011486889e-12 -1.178567784948814e-24 -1.807003620808894e-23 1.421507307782316e-22 -3.59016205583045e-24 0 0 0 0.002500000000020129 2.270522637091978e-12 0 
0.1000000000000602 -3.872093617962621e-10 2.775557465912643e-19 6.674344017281267e-14 -1.225565650071855e-13 -7.258919098147424e-23 -3.837989055434771e-36 7.280182827329997e-23 -1.583883649632574e-23 0 0 0 0.002500000000002116 -9.594003380370633e-12 -8.673617616879538e-21 
0.09999999999971222 -1.857281689554576e-12 0 -2.640780881006202e-14 5.645043968737032e-13 7.24832417887526e-23 1.175494350822288e-38 -4.575796453822058e-25 1.134436714013022e-23 0 0 0 0.002499999999989935 -7.887570804832078e-15 0 
0.0999999999997586 4.80893103116384e-11 0 2.104489591851694e-14 4.755313137929165e-13 -1.766248787794439e-23 -9.249671173032876e-37 -5.613162840230145e-23 1.688970662295455e-24 0 0 0 0.002499999999991553 1.155653806157724e-12 8.673617379884046e-21 
0.1000000000000304 3.64948002373744e-10 5.551115123125765e-19 -5.25954548432296e-14 -5.980117485964339e-14 2.489993074930664e-23 -1.822016243774544e-36 -1.541281092109545e-23 7.565832291678592e-24 0 0 0 0.002500000000001072 9.024256493982143e-12 -8.673617379884009e-21 
0.100000000000226 2.122867853726627e-12 0 2.99584829166477e-14 -4.453388888755711e-13 -2.064346401704743e-22 1.445602896647338e-23 -5.729875381300507e-23 6.733098647721529e-24 0 0 0 0.002500000000007911 9.234692004145322e-15 0 
0.1000000000002113 2.129932515082532e-11 5.202340262113276e-28 -2.825214344877942e-14 -4.16866862202985e-13 9.61667873078884e-23 7.228014483236601e-24 -4.405727508547073e-23 -8.444981818985545e-24 0 0 0 0.002500000000007398 5.65877639885359e-13 -8.673617366062536e-21 
0.1000000000000303 -3.19429899198199e-10 2.775557563336082e-19 4.92123721403612e-14 -6.165419488998652e-14 -1.079924275127292e-22 3.713092780659902e-36 -5.684832853178004e-23 -5.736027746967155e-24 0 0 0 0.002500000000001072 -7.901771142786195e-12 -8.673617375497667e-21 
0.09999999999990969 -2.582691005503788e-11 -6.308198643565733e-28 -3.521745071492383e-14 1.757974293448046e-13 1.461450954148794e-22 4.890240170413033e-39 -5.764924892484896e-25 -7.917345967918915e-26 0 0 0 0.002499999999996843 -5.856968555983939e-13 -1.430559095978965e-29 
0.09999999999998474 -1.837345380006894e-10 0 2.649502307364979e-14 3.309281557180783e-14 -4.3465301866366e-25 0 -2.227165778218471e-27 6.717758298289386e-24 0 0 0 0.002499999999999477 -4.537922771927189e-12 -8.67361737988404e-21 
0.09999999999986348 -8.792445937988483e-13 0 -1.240637453880921e-14 2.677293724399684e-13 -7.069081008904692e-23 0 3.696194524430007e-25 -8.944055034392272e-24 0 0 0 0.002499999999995226 -3.838075690598701e-15 -8.673617379884046e-21 
0.09999999999993926 2.354366701595721e-11 0 3.617093430330815e-15 1.196058212783104e-13 5.226378681008153e-23 1.67507944992176e-37 5.666347186224276e-23 -9.206022110079134e-24 0 0 0 0.002499999999997878 5.628012162209314e-13 8.673617379884045e-21 
0.1000000000000676 9.106621706722626e-11 2.775557561562889e-18 -1.853971814032971e-14 -1.321650616230728e-13 1.037929422952281e-23 7.228014483235916e-24 -2.814207260296379e-23 4.960076408093115e-24 0 0 0 0.002500000000002379 2.267142636819269e-12 -8.673617379884027e-21 
0.1000000000000233 -7.903877205506233e-11 1.942890292150705e-18 2.374324741446192e-14 -4.584207921461934e-14 -6.87981541128632e-25 -2.168404344970937e-23 -2.749722160005428e-23 -5.38735957658433e-25 0 0 0 0.002500000000000811 -1.971788346748911e-12 -8.673617403417132e-21 
0.0999999999999692 5.618981842314683e-11 6.86215531791728e-28 -1.752394225099962e-14 5.866885995568916e-14 1.95245202927398e-23 1.069699859248281e-36 1.142019481269722e-22 -6.313650366473517e-24 0 0 0 0.002499999999998932 1.399263192293498e-12 1.708843634954212e-29 
0.1000000000000257 -3.335339816834542e-11 -3.053113317719183e-18 1.1009622611728e-14 -4.933593242496698e-14 5.626888991900279e-23 -1.807003620809229e-23 7.143468786541817e-23 6.006792634785714e-23 0 0 0 0.002500000000000899 -8.394597950794904e-13 0 
0.09999999999998088 1.706633966092052e-11 5.551115124167893e-19 -5.843985712017267e-15 3.615947956674906e-14 7.04106595168078e-24 -3.614007241618467e-24 1.947788169196411e-24 5.565086848288842e-23 0 0 0 0.002499999999999339 4.451178466612081e-13 2.717990451191637e-30 
0.1000000000000118 -5.26089588559486e-12 -5.551115122804539e-19 2.268946142081085e-15 -2.310075937984639e-14 1.035463014326687e-24 -1.645692091151203e-37 1.134061806239973e-22 5.428323524346727e-23 0 0 0 0.002500000000000423 -1.397848308458404e-13 8.535578573411162e-31 
0.1000000000000014 -7.606762442158298e-14 0 -1.074930422451102e-15 -3.516997733187637e-15 -8.91045292604002e-26 0 -1.420035535924405e-23 5.46283440898748e-23 0 0 0 0.002500000000000059 -3.333921680392926e-16 0 
0.1000000000000013 -8.658308445208542e-12 -2.643479682298666e-29 1.111049446889116e-15 -2.604956038912846e-15 -1.7295122185983e-23 1.084202172485519e-23 -1.281052954971872e-22 1.753189658556651e-23 0 0 0 0.002500000000000049 -2.039804414787072e-13 -6.22775402432879e-31 
0.09999999999999387 -1.687885942125433e-12 2.775557561525414e-19 -2.38991465506547e-16 1.200095385391786e-14 1.173431518763913e-22 0 -8.479116705442811e-25 1.058341764106867e-23 0 0 0 0.002499999999999784 -5.114452698157245e-14 8.673617379770475e-21 
0.09999999999999853 8.14452671971111e-13 0 -3.157125024374109e-16 2.68651119206138e-15 -8.957576263931181e-23 -8.816207631167156e-39 1.403007498589742e-23 4.550404107564493e-24 0 0 0 0.002499999999999955 2.544080397737236e-14 8.673617379884039e-21 
0.1000000000000046 -3.929148673087467e-14 0 -3.974808907939809e-16 -9.288351837087627e-15 1.677014700752129e-23 2.938735877055718e-39 2.037510254406676e-25 2.237886093040747e-24 0 0 0 0.002500000000000167 -1.165517335421917e-16 0 
0.09999999999999787 -6.579632672032435e-12 -2.775557561562892e-19 1.190231015598301e-15 3.990644664662905e-15 -8.55727459762728e-24 -1.46936793852786e-39 -7.778353346116359e-25 -2.868071908326766e-24 0 0 0 0.00249999999999993 -1.528399802552816e-13 0 
0.09999999999999568 2.83414784696401e-12 8.652974535950963e-30 -9.511923656132097e-16 7.897034687804436e-15 -2.763063198615624e-23 -1.175494350822287e-37 -5.625600216086149e-23 4.688237912482701e-23 0 0 0 0.002499999999999857 7.626413606534604e-14 2.328430494854557e-31 
0.1000000000000093 -5.282232984349372e-14 5.551115123125784e-19 -6.351720075829327e-16 -1.861234802830174e-14 -2.07769262249851e-25 -2.350988701644574e-38 -7.759108658611289e-25 5.089625923597147e-23 0 0 0 0.002500000000000335 -2.114194236346731e-16 0 
0.09999999999999995 -1.152706402551825e-11 0 1.74031252371994e-15 2.801127158815898e-16 -2.939769049396626e-28 -1.175494350822288e-38 2.273749023929776e-25 4.047949255191255e-23 0 0 0 0.002500000000000003 -2.803719712993194e-13 -8.673617379884046e-21 
0.0999999999999699 1.231653667943537e-13 2.77555756156289e-19 1.736802368590416e-15 5.950494197556368e-14 6.367129868866729e-26 -2.350988701644576e-38 1.390705584219789e-23 3.385980034460782e-23 0 0 0 0.002499999999998954 6.234162491791669e-16 8.673617379884033e-21 
0.09999999999993917 3.424665065421275e-11 -5.551115123125781e-19 1.851264974651209e-15 1.178414372600099e-13 -1.93919744096474e-25 -5.877471754111439e-38 -1.352133741925847e-23 1.180961209920512e-23 0 0 0 0.002499999999997868 8.434198435144928e-13 -8.673617379884033e-21 
0.1000000000000907 9.099301173654014e-11 0 -1.94613577568069e-14 -1.763167298788984e-13 2.725309954791964e-25 9.815377829366106e-37 5.666849724381856e-23 5.832138185507602e-24 0 0 0 0.002500000000003186 2.266820086672957e-12 0 
0.09999999999998488 -1.017822978677257e-10 -2.775557573993004e-19 3.176136969170316e-14 2.882903956624406e-14 -1.008085870932677e-23 -1.414266640833064e-38 1.215324892157449e-24 -1.320220178513276e-25 0 0 0 0.002499999999999472 -2.543892017609779e-12 -3.106716239121569e-29 
0.09999999999994631 1.128912935355329e-10 0 -2.730465067009559e-14 1.020395234664379e-13 -3.556213220889392e-23 -7.228014483235096e-24 2.77968016755726e-23 -2.632892439560669e-24 0 0 0 0.002499999999998131 2.826208776555979e-12 8.67361737988404e-21 
0.100000000000159 -2.313704783318825e-11 2.775557561562894e-19 2.63704174237909e-15 -3.101702246214384e-13 1.810105819053675e-23 3.614007241618245e-24 2.965992597159914e-23 1.475430128793487e-23 0 0 0 0.002500000000005572 -5.612399650925523e-13 0 
0.1000000000000143 -1.255156568957805e-10 5.551115138454319e-19 1.413084302348613e-14 -3.264123049333637e-14 1.002978437137425e-22 -1.492877825544305e-36 2.803559466996177e-23 -1.029638901446157e-23 0 0 0 0.002500000000000512 -3.111362079435964e-12 3.79973640038895e-29 
0.1000000000000837 -4.77652205982395e-11 -5.551115111724329e-19 -2.214332906850486e-14 -1.631456718600978e-13 -1.46102542632885e-22 -2.057115113939003e-38 5.584113899232686e-25 -1.015849206835937e-23 0 0 0 0.00250000000000293 -1.130814734386092e-12 2.699231592606767e-29 
0.09999999999996993 -2.513348470317712e-10 5.999311282404236e-27 3.530857597041e-14 6.023126063776831e-14 7.258142803776e-23 -2.350988701644573e-38 1.253958258708916e-26 -1.588346301842461e-24 0 0 0 0.00249999999999895 -6.233282932779253e-12 1.487871859659523e-28 
0.09999999999980254 -1.106319896804213e-12 -2.775557561562895e-19 -1.589723746161138e-14 3.89739155200369e-13 -2.478856492028841e-23 -1.175494350822288e-38 6.475943193712252e-25 -5.586843922531004e-24 0 0 0 0.002499999999993096 -4.75693703178017e-15 0 
0.09999999999975849 4.809876455458247e-11 1.665334536937737e-18 2.102725655632382e-14 4.743075891412584e-13 2.149978356109574e-22 -2.52980506913278e-23 -4.71566059806353e-25 -1.548974833677143e-23 0 0 0 0.002499999999991548 1.155767647385835e-12 -8.673617379884046e-21 
0.1000000000000305 3.649478289013973e-10 -5.55111512312578e-19 -5.259264204693745e-14 -6.000892149138796e-14 -2.974265959501131e-22 3.614007241624528e-24 8.629297978747228e-23 -2.985012208155826e-24 0 0 0 0.002500000000001079 9.024302572574496e-12 0 
0.1000000000002412 1.990334980161998e-12 5.55111512312579e-19 2.818542968463511e-14 -4.763751538600995e-13 3.341939344514392e-23 -1.445602896647339e-23 5.750486399358125e-23 2.22642730970879e-24 0 0 0 0.002500000000008446 8.589591711516445e-15 -8.673617379884046e-21 
0.1000000000002868 -2.373882340700471e-12 -5.55111512312579e-19 -3.346604266855438e-14 -5.642079310705488e-13 5.394733216525729e-25 8.816207631167158e-39 1.30471134989645e-24 -5.590211595434399e-24 0 0 0 0.002500000000010039 -1.043815641560424e-14 0 
0.1000000000000154 -4.331167802878991e-10 1.045862282474028e-26 6.490202750231347e-14 -2.436993827338225e-14 1.823211722679142e-23 1.084202172484856e-23 4.191245212934716e-23 4.878187971356875e-24 0 0 0 0.002500000000000542 -1.071843216396066e-11 8.67361763870575e-21 
0.09999999999935076 -2.198367356209799e-11 5.308474770600447e-28 1.22718432637952e-14 1.26876575450509e-12 1.366535877763523e-25 5.877471754111439e-39 5.394092439945455e-25 -1.231692897581172e-23 0 0 0 0.002499999999977272 -5.575997562984276e-13 -8.673617366419584e-21 
0.09999999999998514 5.473056036153793e-10 -5.55111512312578e-19 -8.59279413826581e-14 3.197967992305865e-14 2.886852259874396e-27 -2.06005384981606e-36 -1.407880851102697e-23 7.975628515226679e-24 0 0 0 0.002499999999999487 1.353378943202286e-11 -8.673617379884031e-21 
0.1000000000004529 2.239874952181263e-12 0 3.170512579327618e-14 -8.899434655556355e-13 6.052501847605839e-25 0 3.051652758057172e-25 6.873138187635404e-24 0 0 0 0.002500000000015855 9.459663954936066e-15 0 
0.1000000000003476 -1.39514268193696e-10 2.775557561562895e-19 -1.950097699060719e-14 -6.849806828218409e-13 7.218822118928089e-23 -1.351818503445631e-36 4.238566733110193e-23 1.323772622235808e-23 0 0 0 0.002500000000012172 -3.402543546394947e-12 0 
0.09999999999990908 -5.255483114668921e-10 -1.254473047278342e-26 7.03401281665185e-14 1.781860448009266e-13 -7.218943140315702e-23 -1.616304732380644e-38 4.868299545972087e-25 4.564126300018279e-24 0 0 0 0.002499999999996819 -1.300268215580901e-11 -8.673617690255366e-21 
0.09999999999959107 -2.390622422243648e-12 0 -3.344757642150435e-14 8.003723529500208e-13 -6.051648615650752e-25 -7.346839692639298e-39 -1.044809171802585e-25 -3.268543566995714e-24 0 0 0 0.002499999999985691 -1.047881399707244e-14 8.673617379884046e-21 
0.09999999999996982 9.157913143098591e-11 -5.551115035178418e-19 -1.049359603840313e-14 6.283138156209547e-14 -6.008728516364804e-25 -2.027727755168446e-37 -1.406305926430016e-23 6.121209808773082e-24 0 0 0 0.002499999999998949 2.269068450928151e-12 2.179083813450392e-28 
0.1000000000001507 4.536523066922513e-11 2.165717515075419e-27 -1.043536414687559e-14 -3.078592283344148e-13 -9.100739011994585e-23 3.614007241618477e-24 4.294922586777935e-23 -6.75903369653212e-24 0 0 0 0.002500000000005275 1.132365143492736e-12 5.405864774731006e-29 
0.1000000000008485 -1.436061772969197e-10 -6.855700034078044e-27 -7.050773946170859e-14 -1.657202582596383e-12 7.279310524071778e-23 -8.816207631167157e-38 1.454721300916918e-23 -1.03990002656479e-23 0 0 0 0.002500000000029699 -3.432245264910253e-12 -8.673617543738027e-21 
0.09999999999987723 -1.23243451034814e-09 2.775558153342746e-19 1.83023985550427e-13 2.361510094114012e-13 3.103459783491951e-25 -2.938735877055714e-39 1.041454702691311e-25 -6.806507133730154e-24 0 0 0 0.002499999999995718 -3.053809782089688e-11 1.46635229597989e-27 
0.09999999999924268 3.840599713256211e-11 5.551115141460655e-19 -1.093300346088779e-13 1.479999168424653e-12 1.07669893630541e-25 5.877471754111439e-38 1.324073801019675e-23 1.184541620042243e-23 0 0 0 0.002499999999973495 1.102122679143968e-12 -8.673617327269161e-21 
0.1000000000000322 -9.120811744755885e-11 -2.775557561562925e-19 1.782486195682118e-14 -4.752466987716949e-14 8.261393496058484e-23 -1.445602896647138e-23 -7.004355731573969e-23 -1.107688428014209e-24 0 0 0 0.002500000000001127 -2.268610375510213e-12 8.673617379884141e-21 
0.09999999999985851 -1.718243602955034e-13 -2.775557561562895e-19 2.388366356539015e-15 1.85222689650948e-13 -1.203876076676998e-22 1.175494350822288e-38 -7.522630489838565e-25 -9.096267051731965e-24 0 0 0 0.002499999999995051 6.467265958876061e-15 0 
0.1000000000235545 4.059623730928696e-10 -2.220446068630793e-18 -2.798314824303883e-12 -4.429601339750691e-11 -9.900749492821266e-23 3.61400724161863e-24 4.271637102682819e-23 -2.832373819011918e-24 0 0 0 0.002500000000824414 1.77067941472402e-11 -8.673618225199139e-21 
0.1000000082804487 -3.873746479837742e-08 0 -9.812457282120502e-10 3.431081938590765e-09 9.86412880469484e-23 -1.469367938527861e-38 3.146813320533205e-25 9.175030079544421e-24 0 0 0 0.002500000289815371 1.820678292374994e-10 0 
0.09999774580455457 -3.816610989831029e-05 -2.775345697093048e-19 2.62285959089616e-07 4.166502177890722e-06 -1.501836753383709e-23 5.877471754111439e-39 -8.573048587894826e-25 1.580149070646533e-23 0 0 0 0.002499921818589326 -1.010306645575546e-06 5.6083284992489e-25 
0.1005592082548063 0.0001657242236908017 -5.55111512312579e-19 -0.0003311469354867601 -0.0002646137138740745 0 1.445602896647343e-23 -5.302235992353514e-23 -1.417709626356828e-23 0 0 0 0.002705058000136359 0.0004129870482687997 0 
0.10579898255975 0.0001671983798847046 0 -0.01875003587876631 -0.0002646637864977999 0 -6.035392093502638e-22 -7.000515821277392e-21 1.220461018651271e-22 0 0 0 0.06088929827584728 0.0004129894060094924 0 
0.117624571181722 0.0001674569278518533 8.087282356634282e-21 -0.1757992072459499 -0.0002646641783902295 5.423296348006374e-19 8.008640047424479e-21 1.605932649970287e-19 5.96768066643189e-21 0 0 0 1.486471723121158 0.0004129894066881556 4.460837298648701e-18 
0.1064830225451562 0.0001352070464139341 0 -0.4116657585702278 -0.0002646651271299299 -2.220446049250316e-18 -2.220446049250313e-20 -9.029599162744065e-19 2.290312339477696e-20 0 0 0 7.701266623229398 0.000412989406817223 3.552713678800505e-17 
0.07930470721508874 0.0001362881335191865 2.775557561562871e-19 -0.1910506562829125 -0.0002646570598991902 -2.220446049250297e-18 -2.368475785870163e-19 4.065740463066076e-19 -4.258710279003659e-20 0 0 0 19.0502531055104 0.0004129893744764229 0 
0.09290874071817379 0.000138558692224909 -2.842474068473864e-19 -0.07174365818345509 -0.0002646388148659279 -2.207665396662211e-18 -1.480297366166804e-19 -2.175399424914298e-19 -9.483551303956703e-20 0 0 0 22.63469633340451 0.0004129893784954297 -7.107421877479662e-17 
0.09795414335866638 0.0001696861251085896 -2.775557561562895e-19 -0.02322319043047734 -0.0002645261329859794 -2.151057110211243e-18 0 -6.515551765424173e-19 -6.088727691549842e-20 0 0 0 24.29408547989722 0.0004129893877546937 -7.105427357601011e-17 
0.09949494753593842 0.00069172134134577 2.775557561562925e-19 -0.00593790398403647 -0.0002618040675637434 -2.151057110211267e-18 -1.60235866740249e-32 3.33620178009336e-19 4.690431587995244e-21 0 0 0 24.82376425002003 0.0004129896483684352 0 
0.09989222591536391 0.001230695186937627 0 -0.001224937015294863 -0.0001346999897384042 -2.068657745102345e-18 -9.629649721936181e-35 1.314128339212988e-21 2.554506286458942e-20 0 0 0 24.96227440440513 0.0004130053441242606 7.105427357601009e-17 
0.09998231429339255 0.0002564323245606105 5.551115123125774e-19 -0.0001771797402470357 0.0005484799569902962 -7.985149000355727e-19 -8.881784197016889e-20 2.377872836866351e-19 -2.39631392391675e-19 0 0 0 24.99380998890551 0.0004185513738264041 -7.105427357600991e-17 
0.09999935689483717 9.977080325362277e-06 2.220446049250316e-18 -6.888612529303375e-06 0.0001010651601017561 -7.403067959002594e-19 1.776356839400249e-19 4.81964934814593e-19 7.485320901413731e-20 0 0 0 24.9997749166621 0.0005261587528337963 0 
0.1000000261350007 -4.555236328331717e-07 2.775340096447959e-19 3.104545268930291e-07 -5.453152902872545e-06 1.307364903823184e-19 -1.444447458290427e-34 -5.697109428874737e-21 -4.405380555449747e-20 0 0 0 25.00000914719093 -0.000164450068040888 -7.850778833427211e-21 
0.09999999943332598 2.531728429330766e-08 1.110223024625158e-18 -6.98629486350972e-09 2.9554532822849e-07 -4.458416151388138e-19 -2.407412430484045e-34 -7.315524272238775e-22 1.332481049051025e-19 0 0 0 24.9999998016642 8.915936966502478e-06 7.105427357601009e-17 
0.09999999985029429 1.342567550188895e-09 2.775558209951725e-19 -3.176047401132818e-09 2.53149153727507e-09 -6.060292950258112e-19 2.960594732330463e-20 6.910023078406875e-22 4.002878759006956e-19 0 0 0 24.9999999476033 2.373718555048922e-07 1.146380292300877e-23 
