0.1000000535125113 8.949691752448179e-07 0 -3.424266153645801e-06 -9.925134870411467e-06 -1.031686129755739e-20 2.368475785866744e-19 -9.510316922366889e-19 -8.300728221667791e-19 0 0 0 250.0001872917539 0.003220607850806814 0 
0.09999852020958548 -2.022840701267233e-05 2.785326810362272e-19 4.208829883430656e-05 0.0005044623166492938 -1.163046188689393e-18 9.473903143468429e-19 -3.780546911731448e-18 6.072158217846347e-19 0 0 0 249.9948207477209 0.002379856503953435 -1.149344596406971e-19 
0.09998717252932159 -0.0001958303289745578 -2.775557561562894e-19 0.000423216359625733 0.001531027964378939 -8.782037597132597e-19 4.736951571734196e-19 -9.479554977215094e-19 -8.662575846509798e-20 0 0 0 249.9551018277343 0.002379353415093998 0 
0.09993603627174662 -0.0009692167414814177 0 0.002276523464931201 0.002276384198873839 -7.89299181569446e-19 1.925929944387239e-34 -6.205713437217404e-21 -3.734246272936941e-19 0 0 0 249.7760367822055 0.002379347727377027 -1.136868377216159e-15 
0.09974953697206321 -0.003300653720914635 -2.775557561562894e-19 0.009215643298670714 0.002365842875158128 -7.63278329429796e-19 -1.155557966632342e-33 -3.055112312525143e-20 -4.536424477019745e-19 0 0 0 249.1222355829663 0.00237934763021036 -1.136868377216162e-15 
0.09917078708241021 -0.01040055057759553 -2.775557561562925e-19 0.03062776125525108 0.002370881424071132 -4.163336342344388e-19 5.527418940391368e-32 -3.598751500768256e-18 -5.28752803153777e-19 0 0 0 247.0852166690347 0.002379347600900407 0 
0.09764768644629661 -0.02921938152935249 0 0.08577747569022122 0.002371410286659442 -2.775557561562894e-19 1.925929944387236e-34 1.123195726283652e-19 3.780837693529396e-19 0 0 0 241.646107303588 0.002379347623637748 -1.136868377216162e-15 
0.09423248880331798 -0.06892481413168168 4.123109639999974e-18 0.2055069993801732 0.002371567383863461 -1.132176547026563e-19 -9.473903143467835e-19 2.453547105808416e-18 2.276706218288431e-19 0 0 0 228.9757190093519 0.002379347634740001 -1.136981966296852e-15 
0.08737518455893105 -0.1230864918518933 -4.556646610650947e-18 0.4307731134165216 0.002372044949969071 1.14557202972214e-19 7.105427357617064e-19 1.094276623715407e-17 5.250051961222702e-19 0 0 0 202.7204377422345 0.002379348034331498 -2.842056033137128e-15 
0.07131514751016671 -0.1448696750076713 -5.250684359891921e-18 0.7420754947255203 0.002371949044059662 1.132358750039648e-19 -2.486899575160385e-18 -6.697014652656677e-18 -1.099214729156274e-19 0 0 0 155.3974782881137 0.002379348056758024 -3.410491542547648e-15 
0.09191245491555407 0.2184159003477428 0 1.662483140520467 0.002372190547326977 -8.881784197001262e-18 -3.138230416273776e-18 9.824874783269805e-20 -6.278452921748273e-19 0 0 0 120.6926463911465 0.002379348068393092 -2.842170943040404e-15 
0.1319294058675848 -0.2436697796419928 0 1.331942682210977 0.002372190220994312 -8.881784197001263e-18 -2.593126090013239e-18 2.329831368707276e-18 1.992977577632119e-19 0 0 0 45.0892400382436 0.002379348068393138 -2.557953848736364e-15 
0.1208547547724893 -0.1422193280770035 1.110223024625158e-18 0.4557079861676209 0.002372188017078918 -1.110223024625158e-17 -2.818441371491947e-18 2.289067483644241e-18 2.430062250637376e-20 0 0 0 9.22238751173473 0.002379348066555673 -2.593480985524369e-15 
0.1054098377543381 -0.01153544143307996 1.110223024625158e-18 0.04247948655281552 0.002291674175852839 -1.096345236817343e-17 -1.968101607611548e-18 7.406720532145168e-19 6.504140932199498e-22 0 0 0 0.3315989511421225 0.002348008737163193 -2.589040093425868e-15 
0.1004779981714643 -0.0001010296058745302 5.551115123125773e-19 0.0006201346837282803 -1.945127611843007e-05 1.517883041479704e-20 -6.237776499033812e-21 9.895691086548907e-21 1.043969830072569e-23 0 0 0 0.003285751477102423 -7.002723191349247e-06 -5.724587470723454e-19 
0.1000029347932956 -5.10078414134136e-05 0 3.820638710421955e-07 -6.812266309549229e-06 9.771583837762433e-21 -4.143617586648564e-37 3.43276715401708e-23 6.373389995811473e-24 0 0 0 0.002500111558015842 -2.119602608415079e-06 0 
0.09999999982830858 -3.447226375880005e-08 2.775557561562925e-19 -2.007621288865581e-11 -5.607549276143797e-09 1.50050563117121e-23 1.46936793852786e-38 -8.712118471698261e-25 -9.152080820884763e-24 0 0 0 0.002499999993990875 -2.015256860585053e-09 8.673617379884141e-21 
0.1000000000006337 6.664660143207334e-11 -5.551115123125789e-19 5.156508923557156e-14 -5.466419493742396e-12 3.509055254814801e-26 -1.795567620881045e-36 -1.281126314219288e-22 -3.026966442416048e-24 0 0 0 0.002500000000022182 -5.582556986127778e-14 8.673617379884045e-21 
0.0999999999994967 -1.821300922577603e-10 -2.775557561562894e-19 8.254396448764786e-14 1.000122915642064e-12 1.20941742127048e-24 5.877471754111439e-39 -9.903748475713392e-25 -1.028733127838747e-23 0 0 0 0.002499999999982382 -4.641209291889068e-12 0 
0.09999999999993191 1.494342323493652e-09 0 -1.335727868589739e-13 1.344098157578471e-13 1.440738176648335e-22 6.198895990664398e-39 6.471085884425365e-26 -8.859324179039389e-26 0 0 0 0.002499999999997625 3.717878869352582e-11 -8.673617379883971e-21 
0.1000000000004861 5.056371987777218e-12 -5.55111512312579e-19 6.880849362511653e-14 -9.692385887368804e-13 -1.804729713051933e-22 -8.816207631167158e-39 1.431716167409992e-23 1.18476318663321e-24 0 0 0 0.002500000000017017 2.551940863487767e-14 -8.673617379884046e-21 
0.09999999999999963 1.403340551403557e-10 -5.551115190899702e-19 -1.186892042981396e-14 -4.683807967403053e-15 3.488783300286698e-23 0 6.954384313877233e-26 -1.378279564467516e-23 0 0 0 0.002499999999999988 3.498460202089307e-12 8.673617210926955e-21 
0.1000000000000671 2.805047860654509e-13 0 3.960046642455711e-15 -1.360038032332032e-13 2.958979074616206e-25 -4.408103815583579e-39 4.936329510051151e-26 1.103860891963623e-24 0 0 0 0.002500000000002353 1.42301535138723e-15 0 
0.100000000000201 -4.849935557327334e-11 -2.342261903806478e-27 -1.963058882114945e-14 -3.975384801143718e-13 -5.084758971843982e-26 -1.445602896647347e-23 -4.346652321670875e-23 9.134400764905289e-24 0 0 0 0.002500000000007036 -1.174895684213933e-12 -8.673617436625281e-21 
0.09999999999957225 -5.569778145642094e-10 0 9.320230628935241e-14 8.536961798857719e-13 -1.743594444401367e-23 -1.322431144675074e-38 2.254286738501805e-25 -4.526790068489445e-24 0 0 0 0.002499999999985035 -1.389608642998062e-11 0 
0.09999999999974857 1.143056049118792e-09 -2.791903717171238e-26 -1.138803576901304e-13 5.025562123226011e-13 1.454055467386234e-22 -3.614007241614503e-24 2.887150714821053e-23 5.487877015242631e-25 0 0 0 0.002499999999991207 2.846281560052099e-11 -6.952016109578857e-28 
0.1000000000002352 1.449358862093401e-10 0 5.699370396923384e-14 -4.66883637720231e-13 -9.034103231551475e-23 -1.445602896647267e-23 1.152582556554693e-22 -1.737209167366706e-24 0 0 0 0.002500000000008233 3.510489425193034e-12 0 
0.1000000000000161 4.907609908733093e-10 -5.551115005982123e-19 -3.136903167777649e-14 -3.788701296838948e-14 -7.450705373341951e-23 4.55504060943636e-37 2.967325150013142e-23 -5.769181394136468e-24 0 0 0 0.002500000000000563 1.21882620099032e-11 -8.673617088952694e-21 
0.1000000000003188 9.38176186043856e-11 -5.55111512312585e-19 -3.965011652345964e-15 -6.35281271115041e-13 -7.657807284004269e-26 -1.807003620809078e-23 1.290321173985933e-22 -6.418142768585739e-24 0 0 0 0.002500000000011153 2.333346731976651e-12 0 
0.1000000000000335 -3.9660661907415e-10 5.551115025154179e-19 3.72725903382209e-14 -6.848220871354276e-14 -8.474295528049195e-29 -5.87747175411144e-39 5.617182968794202e-25 -1.143863363642371e-23 0 0 0 0.002500000000001177 -9.863747459874167e-12 8.673617136225182e-21 
0.09999999999984059 -1.077436750929199e-12 2.775557561562895e-19 -1.47059725508214e-14 3.188398457954286e-13 -3.218552493301732e-30 2.938735877055719e-39 -5.027004572230964e-25 8.090700649772581e-24 0 0 0 0.002499999999994426 -5.366800753803269e-15 0 
0.09999999999986624 4.834188604974062e-11 0 1.171504883842069e-14 2.682724516791322e-13 -2.081961701059297e-27 3.614007241617883e-24 -7.132400537148166e-23 5.120297360063493e-24 0 0 0 0.002499999999995321 1.184957080374576e-12 0 
0.1000000000000167 3.734563873425412e-10 5.551115123125765e-19 -2.935881884824749e-14 -3.387966462360611e-14 -9.104960623946336e-25 -3.673419846319645e-37 -1.490699434382485e-23 7.5440353722852e-24 0 0 0 0.00250000000000059 9.27650697143262e-12 0 
0.1000000000001253 1.226883178384602e-12 -5.55111512312579e-19 1.669400983191533e-14 -2.512314761273273e-13 -1.918467822254927e-22 1.445602896647339e-23 -5.77842650324496e-23 5.727164167321627e-24 0 0 0 0.002500000000004385 6.196215415754684e-15 0 
0.1000000000001171 2.258128579957218e-11 5.515457952471753e-28 -1.574182774873548e-14 -2.350792537601249e-13 9.962808658685608e-23 7.228014483236672e-24 1.427231975458148e-23 -1.091386099812236e-23 0 0 0 0.002500000000004103 5.844188522875768e-13 1.427437584836289e-29 
0.1000000000000169 -3.269675329098396e-10 1.815034416706937e-28 2.746149465234507e-14 -3.451734721557315e-14 6.103737608376615e-25 9.051306501331617e-37 -5.75160818271407e-23 -8.076068066137739e-24 0 0 0 0.002500000000000596 -8.122891465359184e-12 4.509110565686469e-30 
0.09999999999995009 -2.519395282674084e-11 -6.153599432104908e-28 -1.96348051243839e-14 9.950990781940744e-14 6.942804576331722e-30 2.938735877055719e-39 -1.630730634834581e-25 5.719665263143714e-24 0 0 0 0.002499999999998254 -5.97642053033753e-13 -1.459735129077109e-29 
0.09999999999999148 -1.880018710154185e-10 2.775557561562893e-19 1.477734416314496e-14 1.803960100433156e-14 -6.05241349518445e-25 -2.93873587705572e-39 -3.272179041373004e-28 2.247885720740477e-24 0 0 0 0.002499999999999707 -4.664560296178926e-12 0 
0.09999999999992439 -5.071464082018217e-13 0 -6.915475830870931e-15 1.512441732387787e-13 -7.218822096839985e-23 -1.46936793852786e-38 -3.971601098093356e-28 -1.026600484001233e-23 0 0 0 0.002499999999997357 -2.558717127065801e-15 -8.673617379884046e-21 
0.09999999999996632 2.388367281724867e-11 0 2.004123024942125e-15 6.746458695884122e-14 7.218943079703851e-23 0 -1.19067387353085e-25 -5.772488337073059e-24 0 0 0 0.002499999999998825 5.778933104619296e-13 0 
0.1000000000000374 9.335717962577503e-11 5.551115123125777e-19 -1.034372240638136e-14 -7.488977005827006e-14 6.034395912109193e-25 7.228014483236463e-24 -1.434211887935904e-23 7.976614074771791e-24 0 0 0 0.002500000000001316 2.331110564995913e-12 8.673617379884027e-21 
0.1000000000000129 -8.127136116864448e-11 -2.775557571262546e-19 1.324593929911523e-14 -2.582411520637839e-14 1.956382381141803e-27 -7.228014483236507e-24 -2.86659535754993e-23 -1.707439622830751e-24 0 0 0 0.002500000000000452 -2.02831729276959e-12 -2.420775901654027e-29 
0.09999999999998294 5.779018756590924e-11 5.551115130183377e-19 -9.771805355625609e-15 3.334126725380088e-14 -3.401638304451407e-25 5.804003357185044e-38 1.152689660931727e-22 -9.388300724860101e-25 0 0 0 0.00249999999999941 1.439362409642874e-12 1.75781461676201e-29 
0.1000000000000142 -3.431877178272652e-11 -1.387778780781447e-18 6.138497580613818e-15 -2.806042428202918e-14 -5.42987460642605e-23 -7.228014483236572e-24 4.353068631252343e-23 3.3871653149912e-23 0 0 0 0.002500000000000497 -8.635480568466871e-13 0 
0.09999999999998939 1.756806505825991e-11 1.072745867918607e-28 -3.257939982607483e-15 2.057076330862368e-14 8.186818400949327e-23 1.175494350822287e-38 2.446077671496612e-25 2.322167807644427e-23 0 0 0 0.002499999999999635 4.579087217911058e-13 2.796094433600385e-30 
0.1000000000000065 -5.424740517900869e-12 -5.551115122794534e-19 1.263988219646357e-15 -1.312146158426084e-14 5.253381725000464e-25 -3.526483052466863e-38 5.725874310480861e-23 2.887572726370933e-23 0 0 0 0.002500000000000233 -1.438329707073582e-13 8.782767167874957e-31 
0.1000000000000008 -4.423544863740857e-14 0 -5.987721892382795e-16 -1.94947509066013e-15 3.564823776509401e-26 0 -1.42491660897923e-23 3.400461421762039e-23 0 0 0 0.002500000000000032 -2.222614453595284e-16 0 
0.1000000000000007 -8.855980185296099e-12 -8.326672684959059e-19 6.200560898061992e-16 -1.487286732969925e-15 -1.83973986180083e-23 7.228014483236719e-24 -1.154400534806384e-22 7.57195737791927e-24 0 0 0 0.002500000000000028 -2.096616608625313e-13 -6.401208089945166e-31 
0.09999999999999662 -1.709266408966847e-12 -2.775557561600846e-19 -1.330882163734053e-16 6.789937962768395e-15 8.27810243317196e-23 -4.408103815583578e-39 -1.252621944802659e-26 4.72083164825537e-24 0 0 0 0.002499999999999881 -5.251604272976661e-14 8.67361737976743e-21 
0.0999999999999992 8.37567862288502e-13 5.551115123125785e-19 -1.76726688838613e-16 1.515740619418973e-15 -5.48345895623892e-23 0 -2.110501135042606e-25 5.711075261712289e-24 0 0 0 0.002499999999999974 2.616992993836887e-14 -8.673617379884039e-21 
0.1000000000000025 -2.272487753529617e-14 0 -2.216157812817698e-16 -5.26534053696078e-15 3.638559869075576e-23 2.938735877055718e-39 1.040825742553946e-25 4.611474966882056e-24 0 0 0 0.002500000000000091 -7.58941520739853e-17 0 
0.09999999999999884 -6.737752716867721e-12 -2.775557561562892e-19 6.642790484345784e-16 2.260385503891467e-15 -2.738871967460836e-23 2.938735877055719e-39 -3.713192459120307e-25 -4.388811963248146e-24 0 0 0 0.002499999999999961 -1.571551049017739e-13 -8.673617379884037e-21 
0.09999999999999759 2.922575376151928e-12 8.922953802967596e-30 -5.311732535299508e-16 4.490653059283868e-15 -1.852398623136352e-23 -1.175494350822287e-38 -5.707917970081751e-23 2.866269112649559e-23 0 0 0 0.002499999999999921 7.84813295080789e-14 8.673617380123651e-21 
0.1000000000000051 -3.018418848199641e-14 0 -3.543836520532765e-16 -1.054292029256297e-14 -5.555905545843611e-26 1.175494350822287e-38 -3.702795164702869e-25 2.318731068412967e-23 0 0 0 0.002500000000000184 -1.355252715606879e-16 0 
0.09999999999999995 -1.179924213889901e-11 2.775557561562895e-19 9.729920572946564e-16 9.66715744706447e-17 2.422157966435859e-28 1.175494350822288e-38 1.312128222507155e-25 2.314065323480084e-23 0 0 0 0.002500000000000003 -2.882351475552705e-13 0 
0.09999999999998332 6.938893903907249e-14 2.77555756156289e-19 9.721485190924048e-16 3.348207623775578e-14 6.606888363790552e-26 -3.526483052466863e-38 1.418999730024351e-23 2.476226158945528e-23 0 0 0 0.002499999999999421 3.903127820947827e-16 0 
0.09999999999996634 3.483654337221866e-11 0 1.02489405851025e-15 6.685636054627562e-14 -1.996003314749705e-25 -2.135175285673296e-39 2.566147352738569e-25 5.774303710038223e-26 0 0 0 0.002499999999998822 8.662179046964317e-13 -8.673617379884033e-21 
0.1000000000000502 9.331424521974472e-11 5.551115123125786e-19 -1.085516769065333e-14 -9.998332017147768e-14 3.335630180144839e-25 1.78895546515767e-37 5.757789267552062e-23 7.559301999803761e-26 0 0 0 0.002500000000001764 2.330885593045125e-12 8.67361737988404e-21 
0.09999999999999161 -1.046896944134628e-10 2.775557548777709e-19 1.771979553829185e-14 1.64224740185361e-14 1.784420231423845e-23 -2.204051907791789e-39 5.95631900488434e-25 -1.280102340046225e-24 0 0 0 0.002499999999999708 -2.616953691508146e-12 -3.195942466959154e-29 
0.09999999999997033 1.158801353484672e-10 5.551115123125786e-19 -1.5236624924715e-14 5.816750499540466e-14 -6.397972115139455e-23 -1.084202172485397e-23 4.242282249087323e-23 -7.967405589774116e-24 0 0 0 0.002499999999998969 2.906477684395944e-12 0 
0.100000000000088 -2.36421993093927e-11 -1.110223024625158e-18 1.465972944888489e-15 -1.756021555700573e-13 -3.231829968969688e-25 -1.46936793852786e-39 8.42293251376912e-25 4.554578902502873e-24 0 0 0 0.002500000000003086 -5.767196616102141e-13 -8.673617379884045e-21 
0.100000000000008 -1.28306870336714e-10 5.551115138795194e-19 7.884571930535214e-15 -1.77369766404916e-14 -9.755096644513757e-28 1.445602896647246e-23 5.708158899330924e-23 -5.77009642608302e-24 0 0 0 0.002500000000000288 -3.197816360669958e-12 3.905318287352688e-29 
0.1000000000000464 -4.796384643623884e-11 1.1448871832566e-27 -1.234447382277438e-14 -9.234788464292271e-14 -5.898831159448543e-28 -5.877471754111439e-39 3.708591495749284e-25 -1.144920009429612e-23 0 0 0 0.002500000000001622 -1.159055490473909e-12 8.673617407550462e-21 
0.09999999999998316 -2.571609158258394e-10 6.138378350346064e-27 1.970706769068401e-14 3.373139664714309e-14 -1.916923642995465e-25 -2.350988701644573e-38 3.728358887531057e-27 9.020916056610105e-24 0 0 0 0.002499999999999414 -6.407335328539214e-12 1.529417809771257e-28 
0.09999999999989055 -6.426283116756108e-13 2.775557561562895e-19 -8.851421216352998e-15 2.196851308543431e-13 -2.676204063950442e-23 -5.877471754111439e-39 7.259011764600688e-25 -1.256188546213134e-23 0 0 0 0.002499999999996174 -3.244475001162885e-15 0 
0.09999999999986625 4.834496518391048e-11 1.110223024625158e-18 1.171071873732819e-14 2.678499337015723e-13 1.549796389357046e-22 -1.084202172485437e-23 5.657527258983467e-23 -8.087824474772182e-24 0 0 0 0.002499999999995318 1.18498960643975e-12 -8.673617379884046e-21 
0.1000000000000169 3.734568643914981e-10 5.55111512312578e-19 -2.935813791145907e-14 -3.395003814813049e-14 -2.009800423824438e-22 3.61400724161963e-24 8.721095381198626e-23 -6.293192967539765e-25 0 0 0 0.002500000000000598 9.276536786992388e-12 8.673617379884031e-21 
0.1000000000001337 1.152463541265197e-12 0 1.570058411985246e-14 -2.685627438322437e-13 1.72766455646824e-23 -1.445602896647339e-23 5.770738133834331e-23 -2.335890289048425e-24 0 0 0 0.002500000000004682 5.797771117366259e-15 0 
0.100000000000159 -1.372773422714252e-12 0 -1.864646932229578e-14 -3.184424906796039e-13 1.660437347342432e-25 8.081523661903228e-39 5.349248343585901e-25 -2.220732115474226e-24 0 0 0 0.002500000000005564 -7.001235528825174e-15 0 
0.1000000000000083 -4.433173446394247e-10 1.070493943034763e-26 3.625011957275665e-14 -1.488727464195278e-14 8.821166536628562e-28 1.445602896647025e-23 5.707931178443072e-23 9.931222236809356e-25 0 0 0 0.002500000000000291 -1.101858540389697e-11 2.660696469089601e-28 
0.09999999999964086 -2.279673845528831e-11 -2.775557556058117e-19 6.845087691108142e-15 7.178388242703406e-13 -1.480955100046949e-29 2.938735877055719e-39 2.897173102363054e-25 -1.02375950144044e-23 0 0 0 0.002499999999987422 -5.743994689610903e-13 8.673617393754366e-21 
0.09999999999999169 5.603122132935582e-10 0 -4.798555557535372e-14 1.750993397928544e-14 2.524354896707237e-31 -8.529680883154227e-37 -1.429172662507406e-23 2.300032012220261e-24 0 0 0 0.002499999999999714 1.391320327177873e-11 -8.673617379884031e-21 
0.100000000000251 1.298700730290042e-12 0 1.765603196054086e-14 -5.025057020025707e-13 7.401522153115981e-26 0 9.85361496862121e-26 1.152432853649952e-23 0 0 0 0.002500000000008785 6.448292420857564e-15 8.673617379884046e-21 
0.1000000000001927 -1.415405986859845e-10 -2.775557561562895e-19 -1.083965232387828e-14 -3.864565052369883e-13 7.379289780887447e-23 -4.525653250665808e-37 4.300838982517552e-23 7.48646212279155e-24 0 0 0 0.002500000000006745 -3.493394267438369e-12 -8.673617379884046e-21 
0.09999999999994949 -5.376380330518435e-10 2.775557433229786e-19 3.927181774220957e-14 1.006276849495525e-13 -7.379304333410889e-23 5.877471754111432e-39 1.79139689782871e-25 5.749845772293165e-24 0 0 0 0.002499999999998235 -1.336557004395077e-11 8.673617060850591e-21 
0.09999999999977356 -1.374508146190229e-12 -2.775557561562895e-19 -1.865470070083751e-14 4.524693508879354e-13 -7.379459291318761e-26 -2.938735877055719e-39 -8.939333780427036e-29 -4.550439488804537e-24 0 0 0 0.002499999999992078 -6.914499355026333e-15 0 
0.09999999999998328 9.366574356406461e-11 8.995123333179309e-27 -5.888218153800468e-15 3.477732775920663e-14 -6.654485708011799e-28 -4.408103815583579e-39 -1.326418913695648e-25 2.230959618957357e-24 0 0 0 0.002499999999999415 2.332624382279252e-12 2.240119301912319e-28 
0.1000000000000839 4.660421354385466e-11 1.110223026850024e-18 -5.874179152358668e-15 -1.717096946609547e-13 -1.548994583687676e-25 3.614007241618212e-24 -1.418973887884583e-23 -7.998071686398666e-24 0 0 0 0.002500000000002936 1.165145996177835e-12 5.562359221627727e-29 
0.1000000000004699 -1.440733816970872e-10 5.551115054345747e-19 -3.929949976554262e-14 -9.375165348859148e-13 -1.81929417551244e-23 5.877471754111439e-39 -1.323834422195408e-25 -6.9622131530016e-24 0 0 0 0.002500000000016446 -3.517531318303395e-12 -1.679255031550821e-28 
0.09999999999993182 -1.261346539369028e-09 6.056626070417579e-26 1.021604155437678e-13 1.338722210195237e-13 -1.545908538425966e-25 5.877471754111428e-39 -2.771059446712621e-27 -5.739136911850117e-24 0 0 0 0.002499999999997624 -3.139229869976401e-11 1.507368584135786e-27 
0.09999999999958065 4.257796372419941e-11 2.03265453373522e-27 -6.097342607665298e-14 8.370814747900416e-13 -9.046516758954887e-28 2.938735877055719e-38 -5.699118941074401e-25 1.030473026074242e-23 0 0 0 0.002499999999985325 1.144779258367695e-12 8.673617434535339e-21 
0.1000000000000178 -9.341802505169255e-11 -2.775557561562925e-19 9.891803811242673e-15 -2.959743034792568e-14 -8.47383024791386e-26 -1.445602896647237e-23 -7.113725862833649e-23 2.337123804113489e-24 0 0 0 0.002500000000000619 -2.331671639620116e-12 0 
0.09999999999994995 -1.158795281952512e-13 -2.775557561562895e-19 -2.036171231623029e-15 1.059470294782261e-13 -1.766167427836118e-25 -2.938735877055719e-39 -7.522157639944943e-25 -6.901992252333773e-24 0 0 0 0.002499999999998253 -5.014435047745479e-16 0 
0.09999999999945652 5.210753703521724e-11 -2.220446051737908e-18 5.960851025740505e-14 1.362871696850179e-12 -8.230012848831281e-23 -2.168404344971026e-23 -1.409092907284361e-23 5.981090250465203e-25 0 0 0 0.002499999999980981 1.19180110658839e-12 -5.689609626025143e-29 
0.09999999991110636 -1.289328626502553e-09 0 1.036339178802303e-11 2.927893798079288e-10 8.220404605278336e-23 -3.526483052466868e-38 -1.848788810233646e-25 1.272692942072856e-23 0 0 0 0.002499999996888724 -3.703087370163927e-11 0 
0.09999992766603104 -1.095131958598135e-06 2.775563640766472e-19 8.553838586643596e-09 -1.139051652937819e-08 1.386719048651291e-25 0 -4.738440277232074e-25 1.487832917292959e-23 0 0 0 0.002499997468876188 1.319239081312105e-08 -7.323248015290197e-27 
0.1000369117893143 0.0006121191169009024 0 -6.741345126644575e-06 -0.0001162045616958166 0 1.445602896647339e-23 -5.677368609759787e-23 -1.257880669173636e-23 0 0 0 0.002501998317498284 3.456333828215182e-05 -8.673617379884046e-21 
0.1013062622829147 0.0009985874057897831 5.55111512312579e-19 -0.002007017485362569 -0.000119912216314919 0 -1.807003620809174e-23 -1.316820885789502e-22 7.530200029683829e-24 0 0 0 0.005461685146202776 3.509456267081053e-05 -1.734723475976809e-20 
0.1077703303257678 0.001037635290869774 5.011228671229522e-20 -0.05632099970119305 -0.0001199129314580643 -5.791159239294303e-21 1.532339070446075e-21 2.261605312955858e-20 9.084582848854437e-22 0 0 0 0.3530774563685873 3.509456390042557e-05 1.694881490342264e-21 
0.1078662265445522 0.001452839307548865 0 -0.2812905106736009 -0.0001199130037626844 -1.110223024625158e-18 -3.700743415417209e-21 -2.567366776572768e-19 1.268857630609494e-20 0 0 0 4.772970274800387 3.50945639104873e-05 1.776356839400253e-17 
0.08643475442935697 0.001590902798959207 -2.775557561562871e-19 -0.1234242801343841 -0.0001199120514402177 -2.220446049250297e-18 -2.368475785868684e-19 8.7800705336518e-19 4.772737794337321e-21 0 0 0 21.04146022130623 3.509452750627403e-05 7.10542735760095e-17 
0.09716408527367464 0.003601886912107273 3.811594587991674e-19 -0.030171365828591 -0.0001199027601063369 -2.353433259311562e-18 5.921189464668201e-20 1.045407329119924e-19 -5.262850704563995e-20 0 0 0 24.03617245119926 3.509453117000997e-05 7.105257869610047e-17 
0.09950250053018622 0.003838807803419763 1.110223024625158e-18 -0.005801296289182892 -0.0001194506034227861 -2.376571162088229e-18 2.407412430484045e-35 -7.007891157576807e-19 -5.643752758023479e-20 0 0 0 24.82670024974206 3.509454338246357e-05 -7.105427357601011e-17 
0.09992727009512556 0.0009808318464871472 0 -0.00084470635304302 -5.559372204241405e-05 -2.32452945780895e-18 -4.176860566889818e-33 4.688131177949492e-19 -2.822049457380596e-20 0 0 0 24.97454961896768 3.509695685188692e-05 -7.105427357601088e-17 
0.09999168737890458 0.0001226924365019457 0 -8.361021025928341e-05 0.0007400291572102467 -1.813328133482008e-19 -9.629649721936181e-35 -6.600066215580803e-22 2.754602237961891e-20 0 0 0 24.99709072690978 -3.807344024497983e-05 0 
0.1000000497562963 -2.770531584532502e-07 5.551115123125774e-19 5.903828155712366e-07 -5.421578720099349e-06 7.511429942735999e-19 2.96059473232507e-20 -2.356999078315228e-19 -1.966406598085647e-19 0 0 0 25.00001741371122 -0.0001620619888287325 -7.105427357600991e-17 
0.09999999303400695 6.680557721600061e-08 1.110223024625158e-18 -8.255794634427124e-08 7.889509414880313e-07 -1.447980654890812e-19 -5.921189464667505e-20 -4.699952508461647e-19 1.11569557988125e-19 0 0 0 24.99999756190297 2.352456904830556e-05 7.105427357601011e-17 
0.10000000105038 -1.505925527507659e-08 2.775550372336161e-19 1.245315808281086e-08 -1.771847940356713e-07 6.046939209691302e-19 -7.147005652999509e-36 -2.841633031358031e-21 1.130731454152275e-21 0 0 0 25.00000036763298 -5.276623604721891e-06 -2.519038477844422e-22 
0.09999999990685492 1.340142840450233e-09 0 -5.577799678727645e-10 1.414573240628932e-08 -3.055397312282953e-19 4.814824860968091e-35 -7.07822730878012e-22 1.232607439983424e-19 0 0 0 24.99999996739923 4.573177836419903e-07 0 
0.1000000000260833 7.037526377623947e-10 3.398752362067372e-26 -8.454573579311056e-10 -4.874964918931544e-10 -3.008856313270519e-19 2.960594732330463e-20 7.01392627797626e-22 2.69318183938316e-19 0 0 0 25.00000000912944 1.245732406118893e-08 6.016227479107432e-25 
