0.09990638306344574 0.000850119142154115 2.775557561562894e-19 0.001423824436282542 0.04858507215771837 3.747002708109907e-18 -1.657933050106919e-18 2.80996577269814e-18 -2.173212191749743e-19 0 0 0 249.6741328442563 2.785882279489206 0 
0.09952631579067635 -0.0005697425972098096 2.751554870464495e-20 0.01294692292838927 0.08929713970441389 -1.055758322670243e-17 5.210646728907658e-18 -1.739253719015662e-18 -6.94249211223774e-19 0 0 0 248.3465883651323 -1.087381315570818 -1.084353621086576e-15 
0.09887418002110755 -0.001565578699598998 0 0.04458739994592608 0.1506442096605799 -1.193489751472045e-17 4.736951571734742e-19 -1.141835263109748e-18 -8.066275301832135e-21 0 0 0 246.07371650979 -1.629398641453513 0 
0.09721749560163803 -0.00523576955696621 0 0.1086120992599503 0.3022175304042866 -4.440892098500619e-18 1.810374147724004e-32 -6.837564494291696e-20 4.800664324210237e-19 0 0 0 240.3454762442624 -2.285101361704637 1.136868377216159e-15 
0.09429398855953798 -0.01077684676897786 0 0.2148282688702163 0.5305977840819297 -1.110223024625158e-17 -5.392603844284261e-33 -6.87723948113729e-20 1.803579536331234e-18 0 0 0 230.4866110467955 -3.003524807879002 1.136868377216162e-15 
0.08982827325153496 -0.01481556086910766 -2.775557561562925e-19 0.366094620122594 0.8200711777509374 8.88178419700136e-18 1.432891878624104e-31 -2.037244069182366e-18 2.785162575803335e-18 0 0 0 215.559319281805 -3.904496035809564 -1.136868377216174e-15 
0.08334658814028202 -0.0220598197377792 -2.775557561562894e-19 0.5838581028532327 1.038935697711931 -2.442490654175347e-17 -4.736951571733866e-19 -1.291642033493551e-18 4.06597261650542e-18 0 0 0 193.6747823099994 -5.305366608385773 -1.136868377216162e-15 
0.07488582869862012 0.0001538592020276907 1.102877849393569e-18 0.8561467753299778 0.9693284661975622 -5.515712780567753e-17 -4.736951571734109e-18 -2.433781203795496e-17 8.35748411167492e-18 0 0 0 165.9659966137158 -16.5449177660828 -3.757625917153943e-15 
0.06762212463715205 0.0001564170840117141 1.11777714101813e-18 1.026598338150269 1.057097103466806 3.772951284820113e-17 5.092222939626271e-18 4.247806140256696e-17 8.441614869274069e-18 0 0 0 144.2237349850959 -28.14857502684027 -7.909928419675376e-16 
0.06267852387815143 0.0001582968844661827 1.67289156530975e-18 1.100439927754483 -0.01212961278980097 -4.054709162866375e-17 3.434289889506886e-18 -2.964063973584681e-17 4.250868023435558e-18 0 0 0 130.5629281439569 67.60162723260974 4.36414234861429e-15 
0.06113539338941298 0.0001564394632517518 2.498001805406605e-18 1.096507831830768 -0.01213714656531135 -3.108624468950442e-17 -7.697546304077143e-19 -1.304951100874439e-17 -1.842366812869277e-18 0 0 0 126.7324177057044 -33.07714079164542 0 
0.08575517775531492 0.0001564518543123283 1.942890293094026e-18 1.784348305653295 -0.01213355390361706 -2.664535259100379e-17 -9.935401026200929e-18 -2.840395220668836e-17 1.416569937696683e-18 0 0 0 121.5368046335822 26.82399501086874 -5.684341886080809e-16 
0.1477641563897366 0.0001564565634989683 2.220446049250315e-18 2.657281276962388 -0.01206447142813159 -2.664535259100379e-17 -1.787306558540929e-17 1.788229333643657e-17 5.049487699676528e-18 0 0 0 110.6626301086106 -66.23114143764519 1.136868377216162e-15 
0.17705778854097 0.0001564462315800138 1.665334536937737e-18 2.20697197197786 -0.01206479699090093 -2.664535259100379e-17 -1.29116624799266e-17 2.5274415782467e-17 4.448297500730679e-18 0 0 0 60.54602372894244 -172.6807349781116 1.989519660128283e-15 
0.1448565245460829 0.0001564451467231996 1.665334536937732e-18 0.8156865770874236 -0.0120653061070987 -3.108624468950434e-17 -5.08322044757622e-18 1.511024280596157e-17 1.092211115838184e-18 0 0 0 14.59573991320275 -13.83333892427973 0 
0.1134126993612852 0.0001564132818106252 2.220446049250315e-18 0.1149193419239037 -0.01243346080750863 -3.108624468950442e-17 8.240659312337126e-20 2.699375265727566e-18 5.580532735110677e-20 0 0 0 1.019340976237214 -0.09648154601427067 4.440892098500631e-18 
0.1017817246929254 0.0001382835175496756 1.665334536937755e-18 0.003857534177322008 -0.0002268512633372658 1.734723475976828e-20 6.360652745248366e-21 -6.586902262895663e-20 4.847402040806965e-22 0 0 0 0.01125242338957568 -7.227716014850521e-05 0 
0.1000569541630958 -0.0007638834216680778 -2.775557561562894e-19 1.310219816085648e-05 -0.0002258323892286754 -4.845028458294604e-21 -4.242065238529931e-36 -1.676104820454824e-22 -1.83195183437875e-24 0 0 0 0.00250416970425939 -7.21867694508351e-05 0 
0.09999987965750143 1.930109055220405e-06 0 -1.42162047547471e-08 5.018097998813439e-08 -5.786955565420988e-23 -1.807003620809262e-23 1.20604287070983e-23 -1.740323161260543e-23 0 0 0 0.002499995789518295 -2.988820600789798e-08 0 
0.09999999986011661 6.535613760252884e-09 5.551115123125741e-19 -1.686161993455832e-11 2.900218817001275e-10 1.651006619981228e-22 1.067642744134341e-35 1.514816973403886e-23 6.652382559136495e-24 0 0 0 0.002499999995104093 6.609571017671789e-11 8.673617379883971e-21 
0.1000000000012368 2.0036576564575e-11 0 1.731300024639578e-13 -2.023085040662858e-12 -1.911938895121134e-22 -8.816207631167158e-39 6.979127745959816e-23 -1.367752058021782e-24 0 0 0 0.002500000000043288 9.381601398517109e-14 -8.673617379884046e-21 
0.09999999999999663 1.340978977165667e-10 5.55111505836361e-19 -3.056518718680468e-14 -2.648754014686515e-14 3.126560231538005e-23 3.614007241617019e-24 -7.011683581211274e-23 -8.844617098907967e-24 0 0 0 0.002499999999999886 3.312323017864282e-12 -1.599676516551534e-28 
0.1000000000001729 6.500008864485123e-13 0 1.021830189906759e-14 -3.433646544612756e-13 8.087775604850536e-25 1.175494350822288e-38 -1.034696382282442e-24 -1.748144282286066e-23 0 0 0 0.002500000000006068 2.423191855505112e-15 0 
0.1000000000005226 -4.879612339192607e-11 -2.775557585128836e-19 -5.046090027307808e-14 -9.773232197576051e-13 -3.767314253937053e-23 -2.891205793294635e-23 -1.434699078649918e-22 -1.212410993472239e-23 0 0 0 0.0025000000000183 -1.120388775244939e-12 -8.673617433992887e-21 
0.09999999999889085 -5.263939457933478e-10 0 2.380417539005895e-13 2.121612163926413e-12 1.356097788846941e-23 -3.085672670908506e-38 -3.387935936773565e-25 3.394172989011018e-24 0 0 0 0.002499999999961196 -1.312736811615037e-11 0 
0.09999999999934922 1.088942738064477e-09 -5.551115389099019e-19 -2.907963488059924e-13 1.253378867250246e-12 1.309968213975332e-22 -3.614007241612666e-24 -5.81890340613913e-23 3.011161378161183e-24 0 0 0 0.002499999999977237 2.692337861985227e-11 8.673616722283014e-21 
0.1000000000006107 1.459174794882215e-10 1.665334536937737e-18 1.458749301907626e-13 -1.153043506525767e-12 -8.871331944287578e-23 -4.33680868994198e-23 -1.301959802190302e-22 1.701723238798995e-23 0 0 0 0.002500000000021378 3.350209107529071e-12 0 
0.1000000000000399 4.695419834194216e-10 1.120787090193868e-26 -8.015263961807472e-14 -1.09353756670219e-13 2.057214354368048e-24 1.807003620809015e-23 -5.481434722781909e-23 -3.18602790450489e-24 0 0 0 0.002500000000001391 1.153751031345024e-11 8.673617655282016e-21 
0.1000000000008254 8.997204023475333e-11 0 -1.013261465476768e-14 -1.579161451531922e-12 7.079100993905143e-23 1.084202172485983e-23 1.40264011835659e-22 -2.689522794391375e-25 0 0 0 0.002500000000028888 2.209341108498621e-12 8.673617379884141e-21 
0.1000000000000861 -3.780112074053295e-10 -9.337807599117485e-27 9.502997208589773e-14 -1.744269282047381e-13 -7.054807260448545e-23 -8.181440681723125e-36 7.276587775413656e-23 -1.326426591393061e-23 0 0 0 0.002500000000003027 -9.330160071190852e-12 -2.304779273920547e-28 
0.09999999999958702 -2.618304878465605e-12 0 -3.769512826878872e-14 7.946052032864762e-13 7.087037035585783e-23 2.057115113939003e-38 -3.259348968831909e-25 3.043266149374778e-24 0 0 0 0.002499999999985553 -1.067125988268862e-14 0 
0.09999999999965356 4.784376020361388e-11 -5.55111512312579e-19 3.004944372035956e-14 6.701806036339008e-13 2.94900243278941e-23 -1.304798729412739e-36 -5.498575342389223e-23 -5.158968921468017e-24 0 0 0 0.002499999999987881 1.127391366026458e-12 0 
0.100000000000044 3.566356411577321e-10 1.66533453693773e-18 -7.491460507492397e-14 -8.390976883621573e-14 3.130075368785068e-23 -1.084202172485442e-23 1.200993145014549e-23 6.977183721131909e-24 0 0 0 0.002500000000001542 8.777860708263087e-12 0 
0.1000000000003241 3.003066545437262e-12 0 4.273827009885575e-14 -6.276497070846032e-13 -3.675336821645638e-22 1.445602896647338e-23 -5.62656362013706e-23 1.121953143988669e-23 0 0 0 0.002500000000011349 1.265806036376832e-14 0 
0.100000000000303 2.004555375856309e-11 4.896107771305983e-28 -4.030676325114085e-14 -5.877569195124599e-13 9.178269635243137e-23 -1.653038930843842e-37 -1.5711664432497e-23 1.535974210145432e-24 0 0 0 0.00250000000001061 5.474136768879309e-13 -8.673617366513517e-21 
0.1000000000000434 -3.120691205449342e-10 -2.775557559830558e-19 7.011655422940069e-14 -8.757874179242564e-14 -1.046812546568278e-22 6.504891863862836e-36 -5.61571764138598e-23 3.504591542492462e-24 0 0 0 0.002500000000001534 -7.685784517499926e-12 -8.673617375617564e-21 
0.09999999999987033 -2.645982391524802e-11 2.775557555100108e-19 -5.021730832092628e-14 2.46894613130643e-13 1.432418280019118e-22 1.763241526233432e-38 -9.793745292390657e-25 1.143771255599351e-23 0 0 0 0.002499999999995466 -5.74709821832969e-13 -8.67361739392128e-21 
0.09999999999997837 -1.795728496456473e-10 0 3.776640990678611e-14 4.826910246317995e-14 1.125256438756219e-25 -2.93873587705572e-39 -4.111140098503913e-27 3.149382875909105e-24 0 0 0 0.002499999999999257 -4.414321013758411e-12 8.67361737988404e-21 
0.09999999999980405 -1.246312081315542e-12 -2.775557561562895e-19 -1.769320315259114e-14 3.767920438048984e-13 -6.96784179994846e-23 -2.350988701644576e-38 7.450927601016694e-25 -1.348559943856272e-23 0 0 0 0.002499999999993146 -5.282775085435642e-15 8.673617379884046e-21 
0.09999999999991278 2.320765107866051e-11 0 5.18613439230344e-15 1.685943435353466e-13 -2.135404307395619e-23 3.35015889984352e-37 4.145707902531805e-23 -1.712304597821194e-23 0 0 0 0.002499999999996956 5.480967242565968e-13 0 
0.1000000000000973 8.882746968530438e-11 2.220446049250311e-18 -2.641900055204403e-14 -1.854135642856378e-13 2.395965021476082e-22 -3.614007241619188e-24 5.897012097211064e-23 7.434519632025085e-25 0 0 0 0.002500000000003418 2.204576039950561e-12 0 
0.1000000000000333 -7.685302047533156e-11 2.498001804489371e-18 3.383666703308751e-14 -6.470382818970721e-14 -1.290591384009658e-22 -2.168404344970935e-23 1.665306223805268e-23 4.595957203664813e-24 0 0 0 0.002500000000001163 -1.91635851068059e-12 -2.287154242643513e-29 
0.0999999999999558 5.462522795207645e-11 -5.551115116454697e-19 -2.498377916585717e-14 8.20539459911757e-14 -1.179789606243126e-22 2.033605226922557e-36 9.873271585807921e-23 -1.486644015786208e-23 0 0 0 0.002499999999998465 1.35996357404633e-12 1.660849159813528e-29 
0.100000000000037 -3.241005554210924e-11 -2.498001805406604e-18 1.569792837385959e-14 -6.894215900541996e-14 1.097176945563385e-22 -2.529805069132946e-23 -1.447686440230554e-24 8.424342056654353e-23 0 0 0 0.002500000000001292 -8.158512927736184e-13 0 
0.09999999999997257 1.657658385556537e-11 -5.55111512211358e-19 -8.333465630523902e-15 5.051742234388034e-14 4.478173788645919e-23 -7.228014483236863e-24 -2.51271155599434e-23 6.328758888547597e-23 0 0 0 0.002499999999999049 4.325844695472757e-13 -8.673617377242578e-21 
0.1000000000000171 -5.100911013022899e-12 3.114731869272129e-29 3.237529688782149e-15 -3.23263827745064e-14 1.110772905150588e-24 1.44560289664731e-23 1.549010474917036e-22 7.168418061817392e-23 0 0 0 0.002500000000000607 -1.358139403891122e-13 8.293107002678347e-31 
0.1000000000000019 -1.071191746415678e-13 0 -1.533913736769438e-15 -5.045743751220109e-15 -2.024389133360548e-25 0 -1.416647040179494e-23 9.347022429598634e-23 0 0 0 0.002500000000000085 -4.553649124439118e-16 8.673617379884046e-21 
0.1000000000000019 -8.465667403201317e-12 -5.55111512338425e-19 1.582842653243459e-15 -3.625152593670507e-15 -1.619756309454167e-23 1.084202172485549e-23 -1.263511707378764e-22 3.628277524047069e-23 0 0 0 0.00250000000000007 -1.984374578718751e-13 -6.058520453629607e-31 
0.09999999999999121 -1.667112628500611e-12 -3.701733649609487e-30 -3.411229632099896e-16 1.68627555603396e-14 1.148670387181203e-22 -1.469367938527859e-38 -1.659793023949418e-24 7.268570993427389e-24 0 0 0 0.00249999999999969 -4.98163793202777e-14 -1.106145826496657e-31 
0.09999999999999792 7.910339050454241e-13 0 -4.486092053390667e-16 3.785968027985289e-15 -8.730734697277698e-23 -2.350988701644575e-38 1.38177767313002e-23 1.487628161616787e-23 0 0 0 0.002499999999999935 2.47198095326695e-14 0 
0.1000000000000065 -5.499073418846477e-14 0 -5.667290710794266e-16 -1.302486407834747e-14 1.578383526690846e-23 7.346839692639296e-39 2.952422693312681e-25 2.27761530191192e-24 0 0 0 0.00250000000000024 -1.626303258728256e-16 -8.673617379884039e-21 
0.09999999999999688 -6.4251555464967e-12 0 1.69562211493889e-15 5.601728502487012e-15 -2.692605990472035e-23 7.346839692639299e-40 -1.131335296701075e-24 -2.401319662077475e-24 0 0 0 0.002499999999999899 -1.48622433804313e-13 -8.673617379884037e-21 
0.09999999999999377 2.747108096556874e-12 8.387232314811982e-30 -1.354378646271443e-15 1.103710886029566e-14 -1.811429694381013e-23 -3.614007241618373e-24 -5.553178317131557e-23 6.847569076644861e-23 0 0 0 0.002499999999999794 7.409573172037503e-14 2.262226653016246e-31 
0.1000000000000134 -7.537373503119219e-14 -5.551115123125784e-19 -9.051708456849383e-16 -2.611969464129747e-14 -3.862204142938545e-25 0 -1.128644830722692e-24 7.384441766858526e-23 0 0 0 0.002500000000000481 -2.873135757086584e-16 -8.673617379884037e-21 
0.09999999999999987 -1.126061049960821e-11 2.775557561562895e-19 2.475207538932265e-15 5.540441899699164e-16 -2.947428888786322e-27 2.350988701644576e-38 3.162399810152435e-25 5.555755999192149e-23 0 0 0 0.002500000000000004 -2.726795568855348e-13 0 
0.0999999999999568 1.785897818518128e-13 0 2.468011905953915e-15 8.408866380535243e-14 -2.455241530623376e-25 -2.350988701644576e-38 1.324391433094724e-23 4.412271962664111e-23 0 0 0 0.0024999999999985 9.16150835750254e-16 8.673617379884033e-21 
0.09999999999991262 3.367020204314566e-11 5.551115123125781e-19 2.656083455030431e-15 1.651055063857905e-13 -5.453605262171867e-23 1.445602896647302e-23 -6.95659546552882e-23 9.114879906786034e-24 0 0 0 0.002499999999996939 8.212289355491457e-13 0 
0.1000000000001303 8.872581488961224e-11 0 -2.773886722170705e-14 -2.471582367846843e-13 9.127440812095112e-23 -7.228014483234346e-24 1.269972105145184e-22 1.044082323769261e-23 0 0 0 0.002500000000004577 2.204164043125019e-12 0 
0.09999999999997819 -9.893513959469182e-11 2.775557549480481e-19 4.526200363582164e-14 4.0218114050071e-14 -1.875631081080042e-23 -4.077496029414809e-38 2.143085672170845e-24 -1.280194036041223e-24 0 0 0 0.002499999999999239 -2.472214056734046e-12 -3.019179864346908e-29 
0.09999999999992279 1.099663762826884e-10 0 -3.890327828400026e-14 1.42250253738647e-13 -1.665825115863796e-23 -7.228014483234625e-24 2.745634396701919e-23 -5.893098023499665e-24 0 0 0 0.00249999999999731 2.747587856018193e-12 -8.67361737988404e-21 
0.1000000000002283 -2.264759560444139e-11 5.551115123125789e-19 3.770079618865134e-15 -4.355328652908886e-13 1.762570234730084e-23 -1.084202172485517e-23 -2.80784128799825e-23 1.207261617335784e-23 0 0 0 0.002500000000008001 -5.461695548950038e-13 -8.673617379884045e-21 
0.1000000000000202 -1.227935288172776e-10 2.775557576558991e-19 2.013508364669735e-14 -4.775610645164447e-14 -1.116014022959854e-23 3.61400724161683e-24 -7.979835833723251e-25 -7.835964435328648e-24 0 0 0 0.002500000000000726 -3.027027413449179e-12 3.696743083641089e-29 
0.1000000000001202 -4.758255421621914e-11 -2.775557550205036e-19 -3.157741683875085e-14 -2.291271722762949e-13 -7.960355366752791e-23 5.877471754111439e-39 5.399739944512933e-25 -1.463833837941926e-23 0 0 0 0.002500000000004205 -1.103739495633698e-12 8.67361740623008e-21 
0.09999999999995705 -2.456452142390887e-10 5.863500913850118e-27 5.029710976415066e-14 8.552996739308384e-14 7.156059661522965e-23 -2.79179908320293e-38 2.012605674988567e-26 -2.86940225664384e-24 0 0 0 0.0024999999999985 -6.063309847693269e-12 8.673617524613974e-21 
0.09999999999971672 -1.55769494525338e-12 0 -2.269471717034991e-14 5.497565009269141e-13 1.147277485876754e-22 -1.175494350822288e-38 -2.150106766300261e-26 -4.491366270026595e-24 0 0 0 0.002499999999990097 -6.421187366545427e-15 -8.673617379884046e-21 
0.09999999999965334 4.786288552993652e-11 3.330669073875474e-18 3.001197947569001e-14 6.67763307829215e-13 2.84185621444222e-22 -2.89120579329467e-23 -1.718570530419551e-22 -1.699963822744808e-23 0 0 0 0.00249999999998787 1.127629890504405e-12 0 
0.1000000000000438 3.566346003236474e-10 0 -7.490856060444435e-14 -8.432500056904111e-14 -3.930681281973834e-22 1.807003620810387e-23 5.56219247414053e-23 2.05571252054849e-24 0 0 0 0.002500000000001548 8.777909497360872e-12 -8.673617379884031e-21 
0.1000000000003459 2.810338767256238e-12 5.55111512312579e-19 4.022113637517734e-14 -6.718506842066195e-13 -7.963728439194881e-23 -1.445602896647339e-23 5.743226781831064e-23 -1.282165552312863e-24 0 0 0 0.002500000000012113 1.169312043025621e-14 0 
0.1000000000004114 -3.35634298131994e-12 -5.55111512312579e-19 -4.774765212841218e-14 -7.947826255947791e-13 -3.619869941428533e-23 2.057115113939003e-38 1.923880479705315e-24 -1.000814647985266e-23 0 0 0 0.002500000000014405 -1.426539008447808e-14 0 
0.1000000000000226 -4.231364390816486e-10 5.551115225302005e-19 9.239490561530442e-14 -3.140093985521271e-14 3.621651454504075e-23 1.084202172484628e-23 -1.633923922740982e-23 1.211619311767986e-23 0 0 0 0.002500000000000795 -1.04250226615372e-11 -8.673617128147329e-21 
0.0999999999990676 -2.118617781210456e-11 5.115900674349302e-28 1.749153576608683e-14 1.782775914145841e-12 3.702890204923898e-23 7.346839692639298e-39 -2.516314592130658e-26 -3.903704952080063e-24 0 0 0 0.002499999999967359 -5.410277260919867e-13 1.306438628667734e-29 
0.0999999999999788 5.345812334467417e-10 0 -1.223463478675941e-13 4.644327249102196e-14 -3.664587626246247e-23 1.445602896646292e-23 -1.137083759636992e-22 2.451569641597421e-23 0 0 0 0.002499999999999271 1.316285947426669e-11 8.673617379884031e-21 
0.10000000000065 3.157456934799198e-12 5.55111512312579e-19 4.525626540186063e-14 -1.253079482926092e-12 1.074686037110483e-24 1.175494350822288e-38 -4.253428528778391e-25 1.043087817191727e-23 0 0 0 0.002500000000022753 1.279087512989779e-14 0 
0.1000000000004987 -1.375365966949086e-10 0 -2.78816839985904e-14 -9.653045501809279e-13 1.444148862841547e-22 -1.445602896647489e-23 5.674814089124941e-23 1.660793145804932e-23 0 0 0 0.002500000000017462 -3.314330147136095e-12 0 
0.09999999999986967 -5.137365793189662e-10 -1.226278684746977e-26 1.001717465920142e-13 2.508520530950532e-13 -1.444879840995627e-22 -6.465218929522576e-38 5.271289204857635e-25 1.03186898378127e-23 0 0 0 0.002499999999995439 -1.264827814966695e-11 -3.019118069079049e-28 
0.09999999999941298 -3.398496761786177e-12 0 -4.767820166451383e-14 1.125563217494063e-12 -1.948791731377109e-23 -1.46936793852786e-38 -7.975055277531561e-26 -7.747585664407965e-24 0 0 0 0.002499999999979458 -1.458794023079252e-14 8.673617379884046e-21 
0.0999999999999569 8.952521883542935e-11 8.597490973888009e-27 -1.487495913480458e-14 9.027665171172583e-14 1.703643349847686e-23 -1.616304732380646e-37 4.191117976060279e-25 5.37161676976609e-24 0 0 0 0.0024999999999985 2.206800009656877e-12 8.673617591812521e-21 
0.1000000000002155 4.412295181999125e-11 2.106411632074174e-27 -1.475164620087371e-14 -4.389709203790483e-13 -8.909459712709637e-23 3.614007241618568e-24 -4.255630455943831e-25 -1.302382974174126e-23 0 0 0 0.002500000000007543 1.099881091152355e-12 5.250787240512899e-29 
0.1000000000012182 -1.43180909836784e-10 -2.775557629916874e-19 -1.005627199567602e-13 -2.328814169848748e-12 7.085007519477644e-23 -3.996680792795778e-37 1.440283293200103e-23 -1.148713345597901e-23 0 0 0 0.00250000000004264 -3.350491000093982e-12 -1.599510668404596e-28 
0.09999999999982388 -1.204187964620723e-09 2.775558139779562e-19 2.607030336978926e-13 3.311380518578523e-13 -2.622545410387089e-23 -5.877471754111428e-38 4.231909255316937e-25 -6.743385733783321e-24 0 0 0 0.002499999999993855 -2.970365246086515e-11 -8.673615953599359e-21 
0.09999999999891272 3.428667939842071e-11 1.636832018960912e-27 -1.558534939993559e-13 2.08028410940465e-12 2.77647096498565e-23 2.61547493057959e-37 2.668667158607037e-23 7.632461262027e-24 0 0 0 0.002499999999961946 1.058577054138804e-12 5.053603461032521e-29 
0.1000000000000467 -8.905766749056425e-11 0 2.552838889354548e-14 -6.277922733824111e-14 8.13480875419735e-23 -1.445602896647029e-23 -8.313301684193408e-23 9.23602738509836e-24 0 0 0 0.002500000000001637 -2.206276882108592e-12 0 
0.1000000000012394 7.357829623355658e-13 -5.55111512312579e-19 -1.673134977786539e-13 -6.462856924043785e-13 -2.779764379368874e-23 1.763241526233432e-38 -1.274598726769388e-24 -8.946756001483704e-24 0 0 0 0.002500000000043383 3.720493964992648e-13 0 
0.0999999997391699 -1.883487116272054e-08 -1.942889393924998e-18 3.079920323686253e-11 1.542562869355037e-09 -1.61607022302027e-22 -7.228014483236357e-24 1.371766419147206e-23 -3.342049080157039e-24 0 0 0 0.002499999990870957 -3.590882176026149e-10 8.673634522608348e-21 
0.09999960535994207 -6.752033504704723e-06 -2.775557561562887e-19 4.65783460279517e-08 4.570035341621e-07 2.329340604949322e-23 1.322431144675075e-37 6.860193227209614e-25 9.102346732660076e-24 0 0 0 0.002499986197608756 -1.637861408185315e-08 -8.673617379884022e-21 
0.1000947622453863 0.0008800384658606 -5.55600031796256e-19 -2.000219052099001e-05 -0.0003413119806982305 1.894662097757965e-22 -3.614007241617804e-24 8.674783580513432e-23 1.731584599049225e-23 0 0 0 0.002506173829398605 0.0001062423220110313 -5.897633604314357e-23 
0.1024294626029435 0.001419716525435114 0 -0.003395344311121453 -0.0003514471265221313 0 4.698209414103858e-23 7.604032266168025e-22 9.558802862876665e-24 0 0 0 0.007305745948489077 0.0001066597754757243 3.469446951953618e-20 
0.114165554535689 0.001499739471812987 0 -0.06978690850129886 -0.0003514529707324494 -2.775557561562895e-19 -3.32127265504726e-21 -6.80769136224933e-20 6.023989191449984e-22 0 0 0 0.3342610787111156 0.0001066597809466084 -1.110223024625158e-18 
0.1257958205886389 0.001725717914143262 -4.71768480652966e-19 -0.3231616443348089 -0.0003514535330369892 -1.127196368119321e-18 4.501607420158853e-20 6.40306824279647e-19 7.850326362535448e-21 0 0 0 3.31147310797803 0.0001066597805104979 1.776871949627193e-17 
0.101609011270096 0.000167008766755427 0 -0.4794975680594671 -0.0003514728644550561 0 1.480297366166874e-20 -1.169472389973456e-18 4.012420112197811e-20 0 0 0 9.805343971969377 0.0001066597805632346 0 
0.07410693350141524 0.0001711100598780761 -2.775557561562871e-19 -0.2369629645234033 -0.0003514298527915516 0 -1.924386576020942e-19 3.050136689788857e-19 -2.304386328354621e-21 0 0 0 17.59810909909372 0.000106659750442883 7.10542735760095e-17 
0.08835220941734186 0.0001736070804957819 2.691714540130993e-19 -0.1139386316306718 -0.0003513762469169074 1.696961098405835e-20 -1.480297366166859e-19 2.721754199977792e-19 -3.731497049722165e-20 0 0 0 21.19656636296288 0.000106659753584814 -5.151100969035722e-21 
0.0955199702687346 0.0001864365276644735 -2.775557561562895e-19 -0.04913849766158107 -0.0003512810557218368 0 1.805559322863034e-35 -6.909842678185271e-19 7.118580956925502e-22 0 0 0 23.47760445460098 0.0001066597540955176 0 
0.09849709256107776 0.0002881744710840387 -2.775557561562925e-19 -0.01732689020342349 -0.000350557908473321 0 -2.518153402286311e-32 3.09064660138656e-19 5.1358919849972e-20 0 0 0 24.478836046002 0.0001066597544063772 0 
0.09956468018267423 0.001355766839708841 -1.387778780781447e-18 -0.005115541534216225 -0.000336988927095944 0 1.184237892933496e-19 1.246545138219727e-21 -1.084013838016883e-19 0 0 0 24.847793356069 0.0001066598557253354 7.105427357601009e-17 
0.09989005258900711 0.001297474951148134 1.110223024625155e-18 -0.001272615380782707 4.286419302302079e-06 -3.469446951953609e-20 -8.881784197020606e-20 -3.479854401163488e-19 -3.025297045228376e-19 0 0 0 24.96150546012306 0.0001066633459112511 0 
0.09997661096492631 0.0003412985847859904 1.665334536937737e-18 -0.0002359650739449326 0.0006439283591545974 -3.561604136614886e-19 2.960594732333749e-19 -3.591086476797437e-19 -1.190936288680421e-20 0 0 0 24.99181318979187 0.0001069914265183773 -7.105427357601011e-17 
0.09999818766528419 2.603948124168899e-05 1.243114159824174e-21 -1.802585353766105e-05 0.0002370578488276089 -1.374479679161602e-18 2.960594732333462e-20 -1.062872601199345e-18 4.042401584192381e-21 0 0 0 24.99936568977433 5.964385629830783e-05 2.84737324921207e-21 
0.1000000530406935 -5.522265530705838e-07 1.665334536937737e-18 6.308511911697469e-07 -6.91017567118724e-06 -2.91791203626082e-19 1.184237892933456e-19 -1.128516592068438e-19 1.927282342688936e-19 0 0 0 25.00001856397934 -0.0002096497488723838 0 
0.09999999346564542 1.12474448548194e-07 5.431919927019366e-24 -9.423522662544942e-08 1.036840465177168e-06 4.368635552724404e-22 2.960594732353112e-20 9.406164981065787e-19 7.472173704143267e-19 0 0 0 24.9999977129768 3.940295478788437e-05 1.902953942504029e-21 
