0.09716388660357317 -0.002179048531229982 2.775557561562894e-19 0.04395553829259754 0.2370507357016103 -3.608224830031763e-18 -1.657933050106778e-18 2.687820403158229e-18 -1.199250699444343e-18 0 0 0 240.1462947480357 -7.57941346514247 1.136868377216162e-15 
0.09562022209258542 -0.006171435421654816 -1.367286904983019e-18 0.1392651048464857 0.2900049645502592 -4.013695995493149e-18 4.263256414560689e-18 7.092078887067086e-18 2.370063979777631e-19 0 0 0 234.9214282571118 -21.14203960753957 1.021048493452495e-15 
0.09265728171888647 -0.0107317117350399 0 0.2590556540447472 0.3617117250343714 1.110223024625158e-18 4.73695157173536e-19 -4.653960230363727e-18 3.089214446042112e-18 0 0 0 225.0298717049235 -34.49168258396395 1.136868377216162e-15 
0.0882448088144704 -0.01652074524549519 -2.775557561562887e-19 0.4085641656072808 0.4554803894518987 -1.998401444325279e-17 6.640606448247199e-31 -5.343748135573406e-18 4.462234547513272e-18 0 0 0 210.5200937864513 -47.22976050552894 -1.136868377216159e-15 
0.08239374808045462 -0.02142510768154335 0 0.5891665022409173 0.5397475192068858 2.220446049250315e-18 -4.736951571735591e-19 -4.356388350577491e-18 5.546378976976352e-18 0 0 0 192.1611886259097 -58.22975869142078 0 
0.0751876399232211 -0.02129392247649696 0 0.7813423453758248 0.5633497846582054 -4.44089209850068e-18 9.473903143468409e-19 8.981556616775402e-18 7.070032608694042e-18 0 0 0 171.7222428158325 -60.71178073033885 0 
0.0690478497213321 -0.01150392634124008 1.387778780781447e-18 0.9262333964488243 0.3967597881969104 2.220446049250315e-17 1.065814103640104e-18 -4.140466393097981e-18 7.242526433774474e-18 0 0 0 156.3730612665827 -34.82308836484287 0 
0.06497147978837219 -0.007196890124605758 -4.890906842213747e-19 1.035188243716647 0.3736469114331626 4.366710113916661e-18 6.750155989720893e-18 3.05206978709925e-17 9.098451840393329e-18 0 0 0 142.5110187260599 -20.7365533505502 -2.420650575459087e-15 
0.06220779310120231 0.003781032191581354 1.01527108979236e-18 1.094237701156235 0.519520389341669 3.397186636040758e-17 1.835568734050103e-17 2.480214832263826e-17 9.495200729481231e-18 0 0 0 134.3112242210338 11.19083115609302 -5.9641052619902e-16 
0.06060095112828741 0.003023214323577137 6.99438524780291e-19 1.14825645067852 0.7458258776417939 7.828486591991408e-20 2.261894375502824e-17 -8.617062097211969e-18 7.617512755031719e-18 0 0 0 128.4719029007502 17.21419463376709 -8.835039708143985e-16 
0.05735341713517691 0.005567265241781846 1.110223024625158e-18 1.192327256063858 0.6741878131730007 -3.552713678800505e-17 7.993605777299573e-18 -6.670375256656761e-17 6.120498041873051e-18 0 0 0 120.3043233889041 16.12787189702971 5.684341886080808e-16 
0.06204642996555409 0.01942517815810545 8.326672684688683e-19 1.307337678631956 0.9292347413878771 -3.108624468950442e-17 -6.619534925987115e-18 -7.37925809860206e-18 4.283851302060505e-18 0 0 0 121.7680176574263 29.4116240924937 -2.842170943040404e-15 
0.08812531051485074 0.06771954645541542 8.326672684688683e-19 1.812252718697595 2.488956485422974 -8.881784197001262e-18 -7.451772127593993e-18 -9.033830528548633e-18 3.42816551877835e-18 0 0 0 126.3341623542539 33.28178338862847 -2.273736754432323e-15 
0.1421286893650052 0.1376879787649052 2.775557561562894e-18 2.823729868148012 4.396119573553046 0 -1.498407879255922e-17 -2.347463434314499e-17 1.057734307626388e-17 0 0 0 131.6870137299508 -18.06508792328739 -1.136868377216162e-15 
0.2003448795894087 0.07016785389623077 2.220446049250309e-18 3.437731795865938 3.070508410274118 0 -1.802101942789533e-17 5.545966047217992e-17 1.56657915491412e-17 0 0 0 109.7971982186972 -41.32634678511683 -2.273736754432317e-15 
0.2074768632462218 -0.115793590616889 -1.110223024625158e-18 2.255139877768154 -3.560868085671899 8.881784197001262e-18 4.423038902720882e-19 3.008198513329424e-17 5.270352998103196e-18 0 0 0 45.18367438735928 -79.4082348367477 -9.947598300641413e-16 
0.1431725406154809 -0.155790008763895 -2.22044604925034e-18 0.5960971878602138 -0.9225761082584462 6.661338147751021e-18 1.514240122180214e-18 -1.088368605492352e-17 7.837586647174844e-19 0 0 0 8.370423741216145 -3.49650435443333 0 
0.1100936521757917 -0.01949161860700855 -5.551115123125789e-19 0.06274756470528831 -0.01389927661501157 2.775557561562894e-19 -1.970356748130125e-20 2.752404127775236e-19 3.212093334628351e-20 0 0 0 0.4043696154997357 -0.02317890584095858 -2.220446049250315e-18 
0.1011389928278031 -0.0005674003148338169 0 0.001662821933597567 -7.408402010511753e-05 8.673617379884045e-21 2.746645503630084e-22 -4.08585687265876e-21 2.165434337842003e-22 0 0 0 0.004988655754939589 -2.15800941752508e-05 0 
0.1000235915920661 -0.0004037006715451232 -2.775557561562871e-19 4.080317253493652e-06 -7.07190943258143e-05 1.270549420881441e-22 -7.228014483243153e-24 -5.899048631508253e-23 2.222397388478166e-23 0 0 0 0.002501199230979779 -2.099623136067403e-05 8.673617379883971e-21 
0.09999997203185144 3.831310556139127e-07 -5.55111512312579e-19 -3.306431707873528e-09 -2.931354690097266e-08 7.752336700846985e-23 -1.807003620809174e-23 1.939336569150511e-22 3.389639633852441e-24 0 0 0 0.002499999021232924 -1.17802057713647e-08 0 
0.09999999996821406 1.169678459991823e-09 5.551114558233068e-19 -3.802293407212402e-12 2.34967834808233e-11 -6.069502350111657e-23 3.614007241614119e-24 -1.237334634001019e-22 8.167263681218175e-24 0 0 0 0.002499999998887496 3.963406751232558e-12 -1.914115462560333e-28 
0.10000000000023 2.709898277997181e-12 -5.55111512312579e-19 1.169921289475202e-14 -4.373630952415861e-13 1.42099471232506e-25 0 -4.589493799404125e-24 -2.625688438451346e-23 0 0 0 0.00250000000000807 1.002073857919732e-14 8.673617379884046e-21 
0.1000000000007922 -4.899834878113807e-11 -2.775557585226501e-19 -7.574528226858681e-14 -1.410545385974438e-12 -3.679058285171861e-23 -4.336808689941726e-23 -2.395539957431605e-22 -1.680443315693949e-23 0 0 0 0.002500000000027742 -1.075962235974629e-12 8.67361732792077e-21 
0.09999999999832161 -5.006681701169592e-10 0 3.556605507782315e-13 3.093960766618901e-12 -4.673552285569347e-24 2.134256930711717e-37 -3.151337745283966e-24 -1.27713429273628e-24 0 0 0 0.002499999999941278 -1.247894745436826e-11 -8.673617379884031e-21 
0.09999999999901603 1.043612939122248e-09 -2.549014850382549e-26 -4.344206957117757e-13 1.833853183774331e-12 9.080818087974263e-24 -3.61400724161987e-24 -2.817072444119907e-24 -7.18027864258629e-24 0 0 0 0.002499999999965578 2.563289072101882e-11 -8.673618005964981e-21 
0.1000000000009251 1.46852061760904e-10 5.55111512312579e-19 2.182964091896692e-13 -1.671585016098707e-12 5.224274132641656e-24 -5.059610138266491e-23 -1.981493491473058e-22 1.766463790151102e-23 0 0 0 0.002500000000032383 3.222392513414756e-12 0 
0.1000000000000585 4.518412987514231e-10 1.078535918703279e-26 -1.197875067656615e-13 -1.802094582813708e-13 -1.176678252398753e-22 3.252606517455004e-23 -9.654755758966018e-23 -1.11116811560928e-24 0 0 0 0.002500000000002038 1.09941081846005e-11 8.673617642311119e-21 
0.1000000000012487 8.67739474025294e-11 1.11022302462517e-18 -1.515316159596004e-14 -2.303406273295054e-12 2.159886335483203e-22 7.228014483245109e-24 1.507735231996918e-22 4.053177759292147e-24 0 0 0 0.0025000000000437 2.106111509150846e-12 0 
0.1000000000001298 -3.623874204189443e-10 2.775557472044274e-19 1.418057192504164e-13 -2.60149555410443e-13 -5.80598297773029e-23 1.445602896645564e-23 1.30073241070361e-22 -1.058763439930802e-23 0 0 0 0.002500000000004559 -8.882459112853694e-12 -8.673617599302642e-21 
0.0999999999993753 -3.904949280597608e-12 2.775557561562895e-19 -5.646994515514277e-14 1.161798557598174e-12 3.998175547021794e-23 1.46936793852786e-38 -1.478854617410054e-25 -7.561415185709949e-24 0 0 0 0.002499999999978145 -1.61573228754653e-14 -8.673617379884046e-21 
0.09999999999947611 4.743211032276458e-11 0 4.503498268750437e-14 9.820620579830261e-13 -1.794996272624595e-22 1.084202172485278e-23 -8.235169416213528e-23 -6.638272036937491e-24 0 0 0 0.002499999999981675 1.080407464881799e-12 0 
0.1000000000000668 3.425503804221908e-10 3.885780586188036e-18 -1.118510821000447e-13 -1.219698306043673e-13 6.196586370554894e-23 4.3368086899417e-23 -3.207654066701487e-23 5.615593153865549e-24 0 0 0 0.002500000000002339 8.36046997691048e-12 0 
0.10000000000049 4.506464645892568e-12 5.55111512312579e-19 6.396520604856615e-14 -9.197948278665369e-13 -2.108393120563983e-22 1.445602896647337e-23 -5.551502266539341e-23 8.851795725165028e-24 0 0 0 0.002500000000017157 1.948853405042702e-14 -8.673617379884046e-21 
0.100000000000458 1.791726489397404e-11 5.551115127502064e-19 -6.033096753659309e-14 -8.619635418509413e-13 8.500159183632445e-23 -7.228014483236942e-24 -2.37741754248081e-24 7.897876130391266e-24 0 0 0 0.002500000000016038 5.153456871312409e-13 1.258727024487628e-29 
0.1000000000000655 -2.996032241742172e-10 1.66313198865074e-28 1.047359120728082e-13 -1.301779940047879e-13 -1.083353918845382e-22 1.147282486402553e-35 -5.486215978300864e-23 7.052440024395527e-24 0 0 0 0.00250000000000231 -7.319877126307792e-12 4.063348061526967e-30 
0.09999999999980365 -2.756423561622865e-11 2.775557554830356e-19 -7.510704951493266e-14 3.594914151327761e-13 1.47446684044492e-22 3.820356640172435e-38 -1.684310927590958e-24 -5.901638854188366e-24 0 0 0 0.002499999999993136 -5.576295718581755e-13 -1.362005017755394e-29 
0.09999999999996777 -1.725362040738688e-10 -2.775557561562893e-19 5.645177103552075e-14 7.508555666668166e-14 1.213101717242224e-24 -5.87747175411144e-39 -9.419047002903224e-27 7.523739547818122e-24 0 0 0 0.00249999999999889 -4.205099810028453e-12 -8.67361737988404e-21 
0.0999999999997036 -1.876276911616522e-12 0 -2.6466255807304e-14 5.507362259639344e-13 -5.056418239257714e-23 1.175494350822288e-38 1.004416114119681e-24 -1.107714478421261e-23 0 0 0 0.002499999999989633 -8.223673478302586e-15 0 
0.0999999999998681 2.263120246759341e-11 0 7.820508592569438e-15 2.471358711603945e-13 -7.062588860359565e-23 5.172175143618066e-37 -6.975395798465614e-25 -2.25514527537843e-23 0 0 0 0.002499999999995396 5.233172836044405e-13 8.673617379884045e-21 
0.1000000000001473 8.503163451134573e-11 2.220446049250311e-18 -3.947213435737198e-14 -2.694264472235672e-13 5.123646871488584e-22 -2.89120579329442e-23 6.932158308603752e-23 -4.601407723919326e-24 0 0 0 0.002500000000005176 2.098405542209918e-12 0 
0.1000000000000503 -7.31394545622211e-11 2.220446048377402e-18 5.056271928927401e-14 -9.507361742542883e-14 -2.681256070538691e-22 -2.891205793294474e-23 -1.524170668742967e-22 2.540840014790049e-24 0 0 0 0.002500000000001757 -1.821988198334736e-12 8.673617358138798e-21 
0.099999999999933 5.197214186791752e-11 -2.220446048615603e-18 -3.735710583466868e-14 1.185573003791015e-13 -1.146879944824106e-22 1.445602896647661e-23 2.383956910571582e-23 -8.98632175689538e-24 0 0 0 0.002499999999997673 1.29308185253113e-12 -8.673617364092325e-21 
0.1000000000000561 -3.081029355256342e-11 -2.498001805406604e-18 2.347541674940919e-14 -9.945613731804264e-14 2.786696678220321e-22 -1.807003620809309e-23 1.348546781347442e-23 1.286585339842626e-22 0 0 0 0.002500000000001958 -7.75662628745012e-13 -8.673617379884042e-21 
0.09999999999995846 1.574625846378907e-11 9.615022284008556e-29 -1.246403674715015e-14 7.284492917429698e-14 1.935918954279858e-23 -1.084202172485516e-23 -8.226636080840122e-24 1.121111324586026e-22 0 0 0 0.00249999999999856 4.112473707927609e-13 2.511169649288753e-30 
0.1000000000000259 -4.830424255031216e-12 2.94956652465391e-29 4.846723022922212e-15 -4.675704322182111e-14 -1.004729337293481e-22 1.44560289664727e-23 1.363376278761551e-22 1.049207578062693e-22 0 0 0 0.002500000000000918 -1.290674923708212e-13 8.673617380672147e-21 
0.1000000000000029 -1.607221300492512e-13 0 -2.296602028920934e-15 -7.63074802144654e-15 8.298600347845084e-23 4.701977403289149e-38 -1.369471035564744e-23 1.259884671310334e-22 0 0 0 0.002500000000000126 -6.938893903907227e-16 0 
0.1000000000000029 -8.138411819458293e-12 2.775557561314417e-19 2.363955327785086e-15 -5.19037581961687e-15 1.284252325284329e-23 1.084202172485599e-23 -1.231171488530758e-22 7.288801384950246e-23 0 0 0 0.002500000000000107 -1.89046911805435e-13 -5.771816441068571e-31 
0.09999999999998671 -1.632201318546577e-12 -2.775557561599135e-19 -5.109410579814173e-16 2.457668278997656e-14 9.304771278295535e-23 -1.763241526233431e-38 -2.979106761309119e-24 1.475704463120112e-23 0 0 0 0.002499999999999532 -4.757072557051711e-14 -1.056282296530256e-31 
0.09999999999999686 7.507883204027622e-13 0 -6.673805027131601e-16 5.54665484296426e-15 -8.405674508728257e-23 -1.445602896647343e-23 7.093888264096422e-23 1.484064471886901e-23 0 0 0 0.0024999999999999 2.348924006689846e-14 0 
0.1000000000000099 -8.274630980409369e-14 -5.551115123125785e-19 -8.474568269356541e-16 -1.891121343253182e-14 1.442800357346663e-23 5.877471754111436e-39 6.0368605845808e-25 7.952338649661475e-24 0 0 0 0.002500000000000363 -2.520770051028797e-16 8.673617379884039e-21 
0.09999999999999534 -6.163125565450403e-12 0 2.532544544446087e-15 8.148212836199581e-15 6.536683756950172e-23 -5.877471754111439e-39 -1.83023895052521e-24 -4.441430190958097e-24 0 0 0 0.002499999999999846 -1.414558574441838e-13 0 
0.09999999999999062 2.598962711708454e-12 -2.220446049242379e-18 -2.021265562331562e-15 1.592709213739295e-14 -5.422103863910361e-23 3.614007241618312e-23 -5.408605671822004e-23 1.128692425350804e-22 0 0 0 0.002499999999999687 7.039860231219946e-14 8.673617380098974e-21 
0.1000000000000202 -1.14578485588268e-13 5.551115123125784e-19 -1.352815776067827e-15 -3.797951510418439e-14 -8.815169414969804e-25 1.410593220986745e-37 -1.826651212382149e-24 1.175421871944642e-22 0 0 0 0.002500000000000727 -4.580754178751251e-16 0 
0.09999999999999985 -1.080663336594509e-11 0 3.687144339847843e-15 1.240749626379937e-15 1.411570979951289e-25 -4.701977403289151e-38 4.496031425241198e-25 9.50916067239692e-23 0 0 0 0.002500000000000009 -2.596176312125157e-13 0 
0.09999999999993474 2.78596590241876e-13 -2.77555756156289e-19 3.672713290899428e-15 1.238224190755454e-13 8.041455522653245e-24 1.410593220986745e-37 1.212523315902922e-23 8.854305269364677e-23 0 0 0 0.00249999999999773 1.523304052342138e-15 0 
0.09999999999986756 3.269385630277901e-11 -1.110223024625156e-18 4.008752126549398e-15 2.393499851234793e-13 -3.281087226441701e-23 1.807003620809076e-23 -3.704677060426483e-23 1.67248248878411e-23 0 0 0 0.002499999999995364 7.838619076744328e-13 8.673617379884033e-21 
0.1000000000001974 8.4884529960583e-11 0 -4.145988853159789e-14 -3.586281173537268e-13 1.234165431798264e-22 -1.084202172484915e-23 1.514564649688939e-22 8.618458146429756e-24 0 0 0 0.00250000000000693 2.097855309607384e-12 -8.67361737988404e-21 
0.09999999999996668 -9.4095477937151e-11 -1.149136627308267e-27 6.763364845026534e-14 5.783259827022405e-14 -8.965696513236685e-23 -1.300390625597155e-37 4.25301223630969e-24 2.242195444846283e-24 0 0 0 0.002499999999998846 -2.350149155144765e-12 -8.673617408585113e-21 
0.09999999999988282 1.049986486645337e-10 0 -5.811392432089576e-14 2.042916548399358e-13 -1.709912153719447e-23 -7.228014483233749e-24 2.607928642830302e-23 -5.493205450987296e-24 0 0 0 0.002499999999995917 2.613973490786511e-12 0 
0.1000000000003455 -2.182715813647816e-11 2.775557561562894e-19 5.661521714408367e-15 -6.339524878295277e-13 -1.144356212775686e-24 -1.084202172485486e-23 -8.448653846957719e-23 1.027320252950503e-23 0 0 0 0.002500000000012109 -5.207666979936684e-13 0 
0.1000000000000302 -1.181923482695968e-10 1.443418530217636e-27 3.008145584478798e-14 -7.466100958446792e-14 -4.913060689826563e-23 -2.529805069132901e-23 -5.825354285664211e-23 -1.787258932047211e-23 0 0 0 0.002500000000001082 -2.88444398574561e-12 3.522613738837963e-29 
0.1000000000001819 -4.729918713641833e-11 1.129021902005473e-27 -4.723586360018248e-14 -3.336236138223286e-13 -1.31595545803391e-22 3.614007241618051e-24 2.841847939365597e-23 -6.499954520463032e-24 0 0 0 0.002500000000006363 -1.059029708545827e-12 2.527882207307742e-29 
0.0999999999999355 -2.360083916491685e-10 5.633471933893639e-27 7.510830846156725e-14 1.27058934401448e-13 1.622379107605452e-22 -3.673419846319645e-38 3.32545933851607e-25 -6.673065721373117e-25 0 0 0 0.002499999999997743 -5.77545281564565e-12 1.378588749116684e-28 
0.09999999999957178 -2.320366121466587e-12 2.775557561562895e-19 -3.400164501806318e-14 8.068946606407863e-13 8.683761129461165e-23 -1.763241526233432e-38 -8.219036853737623e-25 -1.150854197559375e-23 0 0 0 0.00249999999998503 -9.703609443745304e-15 -8.673617379884046e-21 
0.09999999999947555 4.747383042236183e-11 7.216449660063525e-18 4.495223799677541e-14 9.766710917998185e-13 2.588088405597983e-22 -5.05961013826576e-23 -5.37431996243871e-23 -1.023110391121212e-23 0 0 0 0.002499999999981651 1.080930592430024e-12 -8.673617379884046e-21 
0.1000000000000662 3.425469543433266e-10 5.55111512312578e-19 -1.118377240353903e-13 -1.22909186922586e-13 -3.378423806708996e-22 2.891205793296541e-23 3.940889740686245e-23 3.259561700983684e-24 0 0 0 0.002500000000002342 8.360507923986538e-12 8.673617379884031e-21 
0.1000000000005227 4.203495190813218e-12 5.55111512312579e-19 6.022557869078671e-14 -9.857932861756621e-13 -9.909818833153475e-23 -1.445602896647333e-23 5.68293817519087e-23 -1.83244867492127e-23 0 0 0 0.002500000000018308 1.784867826454269e-14 0 
0.1000000000006221 -5.030264399463767e-12 0 -7.147864638142499e-14 -1.163646588650598e-12 1.821055082200398e-23 1.836709923159824e-38 2.943756377583335e-24 1.608280722375501e-24 0 0 0 0.002500000000021784 -2.184125276472058e-14 -8.673617379884046e-21 
0.100000000000035 -4.061938285726522e-10 -2.775557463477834e-19 1.378441913853766e-13 -3.816198136200125e-14 1.564527536629146e-22 7.228014483225349e-24 9.863889820032714e-23 9.512037350027562e-25 0 0 0 0.002500000000001231 -9.927579862779128e-12 -8.673617140159255e-21 
0.09999999999858845 -1.982810617084923e-11 4.787962351215657e-28 2.61450777694111e-14 2.598183111640391e-12 1.266682360262824e-22 1.175494350822288e-38 -1.666213515394542e-24 -1.253560556920968e-24 0 0 0 0.002499999999950592 -5.126270501837292e-13 1.237858520297258e-29 
0.09999999999996832 5.129842731155256e-10 0 -1.825708760098351e-13 7.171615546085183e-14 -1.071880519565379e-22 4.698209414100544e-23 -1.964558838945174e-22 2.410932964944076e-23 0 0 0 0.00249999999999891 1.253389753097526e-11 8.673617379884031e-21 
0.1000000000009831 4.709340556408056e-12 5.55111512312579e-19 6.779544726535441e-14 -1.833162275945698e-12 1.667168287239012e-24 2.350988701644576e-38 -1.895193019969984e-24 1.175788305997017e-23 0 0 0 0.00250000000003441 1.935571928429755e-14 0 
0.100000000000754 -1.341902283735756e-10 -5.55111512312579e-19 -4.187080473997356e-14 -1.414368903490526e-12 1.208327647164152e-22 -1.445602896647643e-23 5.572793159595949e-23 2.004750556914935e-23 0 0 0 0.002500000000026401 -3.166149525717071e-12 8.673617379884046e-21 
0.09999999999980298 -4.93721296485059e-10 -2.775557679413144e-19 1.495234496402503e-13 3.668581482960492e-13 -1.217934961507559e-22 -1.998340396397887e-37 1.012263597317931e-24 2.155801045385537e-23 0 0 0 0.002499999999993103 -1.204809093203329e-11 -8.67361766746947e-21 
0.09999999999911173 -5.14076628488349e-12 2.775557561562895e-19 -7.127374824592946e-14 1.642887040953865e-12 -1.11508228887795e-22 -1.910178320086217e-38 -3.003259673689642e-25 -2.744609498017183e-24 0 0 0 0.002499999999968917 -2.296340201324308e-14 0 
0.09999999999993507 8.600819709214706e-11 8.259736282124318e-27 -2.204023630269565e-14 1.368810496411231e-13 7.022709472751207e-23 -3.614007241618907e-24 -4.22751464209682e-23 -5.23915335116292e-24 0 0 0 0.002499999999997744 2.100958838326126e-12 8.673617581648138e-21 
0.1000000000003245 4.194856267902813e-11 -5.551115103099718e-19 -2.177174852440621e-14 -6.568479408200538e-13 -4.95193279751092e-23 -1.084202172485467e-23 1.292144931343379e-22 -1.116892961245739e-23 0 0 0 0.002500000000011357 1.043945745821112e-12 -8.673617330046504e-21 
0.1000000000018434 -1.425316028397258e-10 5.551115055081785e-19 -1.50459774269081e-13 -3.394605553899426e-12 6.755823725625159e-23 -9.374567447807745e-37 1.425180445881152e-23 -4.494601112125873e-24 0 0 0 0.00250000000006453 -3.215548487201003e-12 -1.535089665934334e-28 
0.09999999999973357 -1.156325382667395e-09 2.775558116797316e-19 3.892823792481577e-13 4.80755430492494e-13 -7.845427524365039e-23 -3.115060029679057e-37 9.734215860727312e-25 -1.227167190548553e-23 0 0 0 0.002499999999990699 -2.829002223453352e-11 1.358406122746254e-27 
0.09999999999835341 2.717505040439313e-11 1.297325766135178e-27 -2.328637727088681e-13 3.037315411769046e-12 6.492662715953684e-23 -3.614007241617774e-24 3.8678688085944e-23 2.353017734738776e-23 0 0 0 0.002499999999942371 9.797501351882457e-13 4.677286981402086e-29 
0.09999999999963184 -8.895523206930782e-11 0 9.040230809313518e-14 1.710007244376519e-13 2.60656467910412e-22 -1.084202172484873e-23 -1.515278618423251e-22 2.339731779133941e-23 0 0 0 0.00249999999998712 -2.09711127586646e-12 -8.673617379884141e-21 
0.1000000000154986 -1.78410593590362e-09 -2.775557561562895e-19 -1.89798949936278e-12 1.102351836783799e-10 -2.019184387511169e-22 5.877471754111439e-39 1.419780185111104e-23 -9.779287707362089e-24 0 0 0 0.002500000000542455 -1.112397663132624e-11 -8.673617379884046e-21 
0.09999994879067459 -9.718740052750502e-07 -2.497955408540004e-18 6.048111653677477e-09 1.388679758396849e-09 -3.720990473042391e-22 3.975407965780477e-23 3.838885165648124e-22 3.324480549895091e-25 0 0 0 0.002499998208052961 5.484855393489128e-09 8.673355535136027e-21 
0.1000277187176044 0.0004696280794506357 5.551115123125774e-19 -4.30110217658263e-06 -7.448170241939257e-05 1.355252715606878e-22 1.495816561421363e-36 5.034112141672903e-24 9.338843638113775e-24 0 0 0 0.00250124429347302 2.188445205238699e-05 0 
0.1016120250795569 0.0008426783532362904 -4.677804550580708e-22 -0.001426718120532714 -0.0001021054542909618 -4.280128776795204e-21 2.529805069133259e-23 -7.159224739998924e-23 7.502575178670769e-23 0 0 0 0.003819072412502856 3.827414814164671e-05 1.732598833951071e-20 
0.1123210148267424 0.0008708310116731442 -5.55111512312579e-19 -0.04144645799219841 -0.0001021111248497319 0 1.008308020411519e-21 3.654475206655541e-20 7.072006689062169e-22 0 0 0 0.1437950474409171 3.827420291258059e-05 0 
0.1339105428538716 0.0004861761721521917 5.55111512312579e-19 -0.2611431524201265 -0.0001021112735364806 -1.110223024625158e-18 -2.598832607447753e-20 -4.102804128288801e-19 4.163557406191813e-21 0 0 0 1.918260525737802 3.827420304441958e-05 8.881784197001263e-18 
0.1301225822241975 -0.001246751663924212 -6.021149954260982e-20 -0.5422428722126732 -0.0001021104582386503 -4.931394107933523e-21 3.021310053988986e-20 6.186244028360108e-19 1.439707100025738e-20 0 0 0 7.049571370958038 3.827420206048406e-05 3.552898522917144e-17 
0.09022970954411796 -0.001691128915786145 2.775557561562895e-19 -0.5049424314900072 -0.0001009187832381329 0 -1.480297366166875e-19 -1.765900436951485e-19 2.521791307660167e-20 0 0 0 11.83541708961855 3.827420266278041e-05 0 
0.06789034124295068 0.005081227095370102 -2.775557561562871e-19 -0.2839477090067242 -0.0001008746274896301 0 -1.3322676295524e-19 -3.569012426969948e-19 -2.148746672846895e-20 0 0 0 15.83479930273089 3.827417808244233e-05 7.10542735760095e-17 
0.0811093008966859 0.01282291887201899 -8.968347963520829e-19 -0.1781162005832441 -0.0001008298841759751 4.869549165736813e-21 -1.332267629550015e-19 2.157808565165812e-19 -1.453525825483709e-19 0 0 0 19.02164605472077 3.82741809523688e-05 -1.848440146976543e-21 
0.09020946946869711 0.01218766836577715 0 -0.1024540261924594 -0.0001008105537674349 0 9.629649721936181e-35 -2.167413305487765e-19 -4.558838453823015e-20 0 0 0 21.75880023331519 3.827418120216934e-05 0 
0.09545034652794736 0.008678419282519771 0 -0.05070380996500069 -0.0001007710599103759 2.775557561562925e-19 -5.921189464670688e-20 -6.819326361239492e-19 1.091348287759527e-19 0 0 0 23.44854177837797 3.827417753843232e-05 0 
0.09811833793146575 0.004830056890120314 1.387778780781447e-18 -0.02175068759157507 -0.0001005807055929374 2.081668171172171e-19 8.88178419700236e-20 -1.642219644598772e-19 -1.26589921250235e-19 0 0 0 24.34802325653929 3.827418504354175e-05 7.105427357601009e-17 
0.0993059558573495 0.002967538673859502 0 -0.008121878248787117 -9.875745556008609e-05 1.734723475976804e-19 5.921189464625826e-20 -6.61475541246444e-19 -2.207774464161353e-19 0 0 0 24.75744683223674 3.82742948668025e-05 -7.105427357600991e-17 
0.09977360063184718 0.001992760632417703 1.665334536937737e-18 -0.002635960145870463 -7.155100632601547e-05 1.734723475976809e-19 4.440892098500621e-19 1.398667298268927e-18 4.455939704277532e-20 0 0 0 24.92070189642596 3.827510264287086e-05 7.105427357601011e-17 
0.09993400361351804 0.0009170035415290627 4.377737315514023e-20 -0.0007232266004196503 0.0002262089865275287 1.994503022969373e-19 2.960594732332178e-20 -1.031196944879883e-18 -6.765451908584622e-20 0 0 0 24.97689095580525 3.829629732221541e-05 1.828249534935616e-21 
0.0999856986482638 0.0001926851580780006 0 -0.0001339853788435109 0.0008880924023570458 -2.448941657101636e-19 5.921189464666658e-20 -3.394546851307454e-19 2.614310621286067e-19 0 0 0 24.99499424384626 4.002888387422072e-05 -7.105427357601009e-17 
0.09999940312931223 1.009072478101449e-05 4.873285419361221e-22 -7.590420009196996e-06 8.752575008698101e-05 9.134491362219048e-19 -5.921189464553575e-20 1.629168377614334e-18 1.172739955570183e-18 0 0 0 24.99979109733054 0.0003591167445194087 1.734343600578268e-20 
