0.0979685557046069 -0.001721572838924581 0 0.034397267236785 0.181583224279224 -4.440892098500631e-18 -1.657933050106798e-18 2.716781719653976e-18 -1.05004187833262e-18 0 0 0 242.9294772933164 -6.07327681034298 1.136868377216162e-15 
0.09661042555670991 -0.005208053176629817 -5.811458945366206e-19 0.1120653765322519 0.2420887133135747 -3.920040990857412e-18 2.842170943040574e-18 1.006577371008181e-17 -3.349248632318705e-19 0 0 0 238.2922613305512 -18.01353848493869 8.699584653713386e-16 
0.09391081528286281 -0.009378288691336232 0 0.2173759685364298 0.3146883965205718 -3.330669073875473e-18 4.736951571735052e-19 -3.847469403317859e-18 2.827757084211303e-18 0 0 0 229.1862008670018 -30.26485847803903 1.136868377216162e-15 
0.08986722107734488 -0.01513251878853402 0 0.354996951969789 0.4119215220849028 -1.887379141862763e-17 4.452750031423295e-31 -1.963489917891379e-18 3.55301935203055e-18 0 0 0 215.7197951652415 -42.42041279490151 0 
0.08430812403175085 -0.02058054041707112 -2.775557561562894e-19 0.5328126976593569 0.489612399103722 2.220446049250315e-18 -9.473903143469365e-19 -5.494227693480561e-18 4.749462119701639e-18 0 0 0 197.9692542519474 -54.19468428740901 -5.684341886080808e-16 
0.07711198380467731 -0.02215324263367965 0 0.7311573302261881 0.5595968303468776 0 9.473903143468717e-19 9.029672146876331e-18 6.428491412989206e-18 0 0 0 177.0520034944082 -64.43895692853756 0 
0.07020206583397315 -0.01238177302058122 8.326672684688683e-19 0.8980964556397718 0.06872261835815414 1.776356839400252e-17 1.065814103640101e-18 -3.850662979465735e-18 6.55694925060295e-18 0 0 0 159.3719050950516 -50.32934074757893 5.684341886080808e-16 
0.06553668511597344 -0.01470012191708802 7.017777941373654e-19 1.003927105388309 0.04989508620636345 1.538159743255817e-17 8.052817671947696e-18 2.672645010473999e-17 8.855083227334087e-18 0 0 0 143.0994216415025 -43.85720490142433 -7.484459599180258e-16 
0.06272277091538717 -0.00920880200033939 1.103751678779694e-19 1.093885028201251 -0.1296683210047528 -6.262292866162316e-18 1.575036397604585e-17 1.659976557273822e-17 9.40456925858474e-18 0 0 0 135.3962648240434 -38.60574216800872 -5.275057928586896e-15 
0.06116711975463992 -0.01023784141772072 6.636115994275079e-20 1.138088568750545 0.0561667732719197 -1.952308176157155e-17 2.048731554774803e-17 -2.448975593778709e-17 7.465399699587214e-18 0 0 0 129.2629807180555 -27.08511489691723 -1.861466470484621e-15 
0.0575847261265333 -0.01419451103998155 1.387778780781447e-18 1.191437972217561 -0.06426770256289141 -3.108624468950442e-17 4.204044519912586e-18 -5.549145528046503e-17 5.458030890421875e-18 0 0 0 120.1998796605595 -54.59338063921961 -5.684341886080808e-16 
0.06292662515094989 -0.005468608803724523 1.110223024625158e-18 1.323974426179244 -0.222263951191982 -3.552713678800505e-17 -9.343282079734165e-18 -3.560946200520491e-19 2.784894785740304e-18 0 0 0 120.7476547501267 -56.98677551977941 -2.273736754432323e-15 
0.09439741779861867 0.01408841859472494 0 1.916517253639372 0.06440989053864463 0 -1.041236685992779e-17 -1.948018817400238e-17 2.277781587291381e-18 0 0 0 126.0618990439775 -68.15622646871606 -1.705302565824242e-15 
0.153426077919238 0.02397116680956476 2.775557561562894e-18 2.942298847458391 0.05854006317702079 0 -2.137896341440003e-17 -2.91690273816475e-18 7.227474397706746e-18 0 0 0 127.7322600984982 -171.9795699494469 -1.705302565824242e-15 
0.2038109191742694 -0.03075067371577475 4.440892098500619e-18 3.227174000114578 0.05846899209611407 1.776356839400247e-17 -1.742890048142404e-17 7.705070899175607e-17 9.504314639535496e-18 0 0 0 95.69003364201861 -267.4123394820948 -1.989519660128278e-15 
0.1912219198089032 -0.09215491199296655 4.440892098500631e-18 1.824758604170816 0.05843533243025553 1.776356839400252e-17 2.054563116855882e-19 2.28252225108386e-17 3.622384192935903e-18 0 0 0 36.52555345073137 -92.83201269972029 -7.105427357601009e-16 
0.1302026829848671 -0.09188507727632435 5.55111512312585e-19 0.3694251480510309 0.0544284032808704 1.887379141862789e-17 3.559074331546049e-19 -4.777589304052337e-18 4.201025928185911e-19 0 0 0 4.622226778169153 -1.204497996530523 -1.776356839400272e-17 
0.1064481187779227 -0.01149587305143526 -5.551115123125789e-19 0.03160690498483601 -0.005465447023772674 1.387778780781447e-19 -1.530893467549454e-20 2.366669659338604e-19 1.210935582418371e-20 0 0 0 0.1604203887050157 -0.005891115583402538 -5.551115123125789e-19 
0.1005735947335922 -0.000123345754882241 0 0.0005331213479331851 -4.991147851462439e-05 -2.168404344971011e-21 2.529805069132758e-23 -4.217880856811015e-22 4.854173614822225e-23 0 0 0 0.003007419930640513 -3.534856943043313e-05 8.673617379884045e-21 
0.1000021484951799 -3.771173436107109e-05 0 2.980082574986985e-07 -5.474722627850379e-06 5.611593275559699e-23 -7.228014483239956e-24 -5.456018753170262e-23 2.196889006707231e-23 0 0 0 0.002500086086386253 -1.795608563017753e-06 -8.673617379883971e-21 
0.1000000019460046 -1.201638476222571e-08 -5.55111512312579e-19 2.309641625906449e-10 -3.638090770036684e-09 7.767846337332354e-23 -1.807003620809174e-23 1.949814233833391e-22 2.196539789868492e-24 0 0 0 0.002500000068110156 -1.828417940056428e-09 0 
0.1000000000057853 9.647261288436796e-11 -4.659116049043911e-27 6.430408737896952e-13 -9.012679037168734e-12 -6.10574412086242e-23 3.614007241614774e-24 -1.245374975704119e-22 4.760341882793176e-24 0 0 0 0.002500000000202491 -1.67251195531958e-12 8.077346575641388e-29 
0.1000000000002461 9.669348655094763e-13 5.55111512312579e-19 1.434523356584153e-14 -4.890917948112002e-13 3.22073858464228e-25 0 -3.920395833412837e-24 -2.749412864318851e-23 0 0 0 0.002500000000008634 -3.160449332795258e-15 0 
0.1000000000007544 -4.89743228609958e-11 8.326672661036681e-19 -7.222774693150985e-14 -1.352772527841614e-12 -3.691759247335251e-23 -4.33680868994177e-23 -2.25998843575599e-22 -1.275133228040484e-23 0 0 0 0.002500000000026418 -1.08213812259965e-12 -5.226153768976263e-29 
0.09999999999840141 -5.042848083558496e-10 2.77555756156289e-19 3.393610434326144e-13 2.962490989994657e-12 -4.639806709310165e-24 1.557530014839532e-37 -2.700834857093505e-24 -1.051065382429867e-23 0 0 0 0.00249999999994407 -1.25701993302155e-11 8.673617379884031e-21 
0.09999999999906273 1.049975297678914e-09 -2.564554851695719e-26 -4.145192922699735e-13 1.755080907152528e-12 9.112979283621851e-24 -3.614007241619758e-24 -2.408516838195968e-24 -7.226693529929921e-24 0 0 0 0.002499999999967212 2.581406768030472e-11 -8.673618010390211e-21 
0.1000000000008811 1.467145849254329e-10 -5.55111512312579e-19 2.082484687007744e-13 -1.601944363724228e-12 5.317287522907689e-24 -5.059610138266361e-23 -2.566179444896813e-22 1.889973569266779e-23 0 0 0 0.00250000000003084 3.23997556214704e-12 8.673617379884046e-21 
0.100000000000056 4.543217798497224e-10 1.08445677624236e-26 -1.142944095848348e-13 -1.696441798452121e-13 1.139445432693426e-23 3.252606517455187e-23 -1.112019781272585e-22 -1.732902854687986e-24 0 0 0 0.00250000000000195 1.10702896502502e-11 -8.673617115638465e-21 
0.1000000000011893 8.722146269124452e-11 1.11022302462517e-18 -1.445645686500806e-14 -2.205457438367731e-12 6.870343760679868e-23 7.22801448324459e-24 1.656858802535232e-22 5.244480468856745e-24 0 0 0 0.002500000000041624 2.120563924110078e-12 -8.673617379884141e-21 
0.1000000000001237 -3.645828430820536e-10 2.775557471501951e-19 1.353295787931782e-13 -2.482844960065651e-13 -5.862143685446461e-23 1.445602896645758e-23 1.302913611723407e-22 -1.062167745903125e-23 0 0 0 0.002500000000004344 -8.945330641583413e-12 -8.673617600855724e-21 
0.09999999999940495 -3.724538039096019e-12 -2.775557561562895e-19 -5.386301520545385e-14 1.112008189977419e-12 4.053889220795375e-23 1.322431144675074e-38 -2.359369179928852e-25 -4.081112283054274e-24 0 0 0 0.002499999999979183 -1.532790821351388e-14 8.673617379884046e-21 
0.09999999999950097 4.748952966981942e-11 0 4.295381943651024e-14 9.396682887755648e-13 -1.247521770837549e-22 1.084202172485293e-23 -8.25131772582352e-23 -6.662304321508755e-24 0 0 0 0.002499999999982545 1.086931651454731e-12 0 
0.1000000000000636 3.44527271295414e-10 4.440892098500612e-18 -1.067354390057245e-13 -1.168427400432099e-13 1.65531043303431e-23 1.084202172485341e-23 -1.477531658581847e-22 7.366497454128474e-24 0 0 0 0.002500000000002228 8.419035867762716e-12 0 
0.1000000000004667 4.294741645649598e-12 5.55111512312579e-19 6.101995043509637e-14 -8.800810776107724e-13 -2.395952541065477e-22 1.445602896647338e-23 -5.555718366011917e-23 1.001800930257528e-23 0 0 0 0.002500000000016343 1.845041047027215e-14 -8.673617379884046e-21 
0.1000000000004362 1.821615774888484e-11 5.551115127575068e-19 -5.755254467444005e-14 -8.24658597289672e-13 7.665796418131381e-23 -7.228014483236942e-24 1.223933629941648e-23 3.265343375674826e-24 0 0 0 0.002500000000015278 5.199074677719736e-13 -8.673617367185353e-21 
0.1000000000000624 -3.01352172382697e-10 1.672840601500396e-28 9.993946665603696e-14 -1.243007429041923e-13 -1.091729006459782e-22 1.079985434817977e-35 -5.503971305695714e-23 7.078614602318166e-24 0 0 0 0.002500000000002201 -7.371222230691275e-12 8.673617383975881e-21 
0.099999999999813 -2.740676609269686e-11 -6.694077004258187e-28 -7.165518340716658e-14 3.44293885458677e-13 1.481860670963216e-22 3.232609464761291e-38 -1.589575895889738e-24 -5.946146204261638e-24 0 0 0 0.002499999999993463 -5.599091069258262e-13 -1.367572760853996e-29 
0.09999999999996927 -1.735225678423092e-10 2.775557561562893e-19 5.386169380875325e-14 7.123649426561863e-14 1.039350622137354e-24 -2.93873587705572e-39 -8.239855850972403e-27 4.102760827106056e-24 0 0 0 0.002499999999998942 -4.234443741826773e-12 -8.67361737988404e-21 
0.09999999999971766 -1.787198861125113e-12 2.775557561562895e-19 -2.524965884524256e-14 5.271574329092513e-13 -5.062410565533292e-23 1.763241526233432e-38 1.026508622372696e-24 -4.141263920770269e-24 0 0 0 0.002499999999990125 -7.773729576721098e-15 0 
0.09999999999987434 2.271256099861672e-11 5.551115123125789e-19 7.453133018163202e-15 2.364557708008912e-13 -9.023196907681544e-23 -3.614007241617833e-24 1.349808006044301e-23 -2.145012838446245e-23 0 0 0 0.002499999999995615 5.267813095455317e-13 -8.673617379884045e-21 
0.1000000000001403 8.55644981950789e-11 2.220446049250311e-18 -3.766337195825369e-14 -2.58113156385355e-13 5.333570063850967e-22 -3.252606517456311e-23 2.000884490510912e-22 -8.634568197511848e-24 0 0 0 0.00250000000000493 2.113316032587025e-12 8.673617379884027e-21 
0.1000000000000479 -7.366130275188183e-11 2.498001804527464e-18 4.824457800848921e-14 -9.093345284702822e-14 -2.790479306143751e-22 -1.445602896647164e-23 -1.096508086560537e-22 -3.1696473164566e-25 0 0 0 0.002500000000001674 -1.835265609189536e-12 -2.190370695796809e-29 
0.09999999999993622 5.234476047055734e-11 -2.220446048611053e-18 -3.564146454822434e-14 1.136741983347391e-13 -9.671278680270641e-23 2.168404344971336e-23 -1.937819967453469e-23 -8.095133693605632e-24 0 0 0 0.002499999999997784 1.302491372135589e-12 1.590661501792596e-29 
0.1000000000000534 -3.103481013844172e-11 -2.220446049250315e-18 2.239697154589917e-14 -9.538173894523676e-14 3.077767593134548e-22 -2.168404344971142e-23 2.799394684505195e-23 1.237309339568364e-22 0 0 0 0.002500000000001864 -7.813194535799551e-13 -8.673617379884042e-21 
0.09999999999996043 1.586274514520091e-11 9.686151691679638e-29 -1.189124794002448e-14 6.986520968717903e-14 -3.666289196000576e-23 -1.084202172485507e-23 -8.516095867717217e-24 1.040015296923088e-22 0 0 0 0.002499999999998629 4.142506108105458e-13 8.673617382413546e-21 
0.1000000000000247 -4.86828459489441e-12 2.775557561860159e-19 4.623438900249469e-15 -4.482415179451948e-14 1.033733548816987e-23 1.44560289664727e-23 1.368793146398348e-22 9.792994948856953e-23 0 0 0 0.002500000000000874 -1.300188797771772e-13 7.939247468052574e-31 
0.1000000000000028 -1.53176082928752e-13 0 -2.190763542797565e-15 -7.268301093432329e-15 -9.353100781765388e-24 0 -1.376896524135027e-23 1.214969378819557e-22 0 0 0 0.002500000000000121 -6.586528197849438e-16 -8.673617379884046e-21 
0.1000000000000028 -8.184381991571678e-12 -2.498784565576852e-29 2.255749522358166e-15 -4.983349389662552e-15 -5.802407144336684e-24 1.084202172485597e-23 -1.235392148037419e-22 6.595402690824696e-23 0 0 0 0.002500000000000102 -1.903642174450049e-13 -5.812035274985345e-31 
0.09999999999998735 -1.637015176192413e-12 2.775557561526543e-19 -4.873673224252086e-16 2.353436287306335e-14 7.491262364341255e-23 -5.877471754111438e-39 -2.846063057067653e-24 1.349970993544826e-23 0 0 0 0.002499999999999555 -4.78837889478223e-14 8.673617379777715e-21 
0.09999999999999701 7.564261716996868e-13 0 -6.37154449571277e-16 5.307369003957859e-15 -6.595790461795741e-23 -2.350988701644575e-38 1.328354200129379e-23 1.485078198882225e-23 0 0 0 0.002499999999999906 2.366542291992735e-14 0 
0.1000000000000094 -7.884318198314587e-14 5.551115123125785e-19 -8.085356458427846e-16 -1.811919836154705e-14 1.448118937244614e-23 2.938735877055718e-39 5.268946228000026e-25 6.808778336303168e-24 0 0 0 0.002500000000000346 -2.385244779468109e-16 0 
0.09999999999999555 -6.199901703141112e-12 -2.775557561562892e-19 2.416588688417895e-15 7.804794451784653e-15 6.568065345846068e-23 -2.938735877055719e-39 -1.721487984782899e-24 -5.831364558382649e-24 0 0 0 0.002499999999999853 -1.424641654645954e-13 0 
0.09999999999999105 2.619692657246377e-12 -1.665334536929737e-18 -1.928922530961902e-15 1.527386155803821e-14 -5.453910509799662e-23 3.614007241618321e-23 -3.985600450353906e-23 1.015014187422629e-22 0 0 0 0.002499999999999702 7.092444036585493e-14 -8.673617379667498e-21 
0.1000000000000193 -1.089406342913434e-13 5.551115123125784e-19 -1.290744363243352e-15 -3.63811929085167e-14 -7.852472280775031e-25 4.701977403289149e-38 -1.717861466571426e-24 1.118182925328075e-22 0 0 0 0.002500000000000692 -4.309703635629876e-16 0 
0.09999999999999985 -1.087047118986103e-11 0 3.519592719121903e-15 1.12708136768115e-15 1.283756107327217e-25 2.350988701644576e-38 4.321763741859363e-25 8.464249019559698e-23 0 0 0 0.002500000000000008 -2.614526433894474e-13 8.673617379884046e-21 
0.09999999999993782 2.641116492174696e-13 0 3.506168272382481e-15 1.183934219177197e-13 8.099135896083302e-24 2.350988701644576e-38 1.221834434115892e-23 8.17294842196822e-23 0 0 0 0.002499999999997838 1.43114686768087e-15 0 
0.09999999999987387 3.283085608929428e-11 -5.551115123125781e-19 3.820050988500498e-15 2.293791596947028e-13 -6.082164645851048e-23 1.445602896647245e-23 -6.635795169973441e-23 1.660885397268393e-23 0 0 0 0.002499999999995584 7.890850516403817e-13 -8.673617379884033e-21 
0.100000000000188 8.542368201691659e-11 -5.551115123125786e-19 -3.955797934589911e-14 -3.436422282583528e-13 1.609848883937409e-22 -1.084202172484969e-23 1.520547814385981e-22 8.613761219471202e-24 0 0 0 0.0025000000000066 2.112787484027941e-12 0 
0.09999999999996831 -9.477583648442911e-11 -2.775557573137343e-19 6.45330411793317e-14 5.549004702289315e-14 -9.01392229691519e-23 -1.127280715339342e-37 3.941819550054415e-24 -6.261438379354181e-26 0 0 0 0.002499999999998901 -2.367322917556935e-12 -2.891082050773959e-29 
0.09999999999988843 1.056966146550929e-10 0 -5.545207788318403e-14 1.960530332301881e-13 -1.699504352076293e-23 -7.228014483233864e-24 2.632304557942835e-23 -1.132393959460171e-23 0 0 0 0.002499999999996113 2.63275187241396e-12 8.67361737988404e-21 
0.1000000000003291 -2.194156314971883e-11 0 5.39842591925789e-15 -6.07180568698001e-13 -1.026941650771611e-24 -1.084202172485494e-23 -8.473791018226197e-23 1.266776022757149e-23 0 0 0 0.002500000000011534 -5.243228811194209e-13 0 
0.1000000000000288 -1.188374051941387e-10 -5.551115108612815e-19 2.87031784914288e-14 -7.078481414727533e-14 -4.906637322064383e-23 -2.529805069132928e-23 -5.836483374713113e-23 -1.679128795265489e-23 0 0 0 0.002500000000001033 -2.904433963300812e-12 3.54702640551584e-29 
0.1000000000001732 -4.733709084436842e-11 5.551115134425055e-19 -4.506391625598471e-14 -3.195193122652611e-13 -1.322881054303243e-22 3.614007241618104e-24 2.862950818874669e-23 -7.642029934131539e-24 0 0 0 0.002500000000006061 -1.065215081939857e-12 -8.673617354457579e-21 
0.09999999999993853 -2.373605218625186e-10 2.775557618220354e-19 7.167154809453504e-14 1.213327389832142e-13 1.629189316136974e-22 -3.324444960919279e-38 2.828863864054296e-25 5.156008247113307e-25 0 0 0 0.002499999999997849 -5.815837991318019e-12 1.388228607771958e-28 
0.09999999999959207 -2.213507155346415e-12 0 -3.243176329344638e-14 7.718812520345037e-13 9.562811037850256e-23 -1.46936793852786e-38 -7.722694360844274e-25 -5.74181791381548e-24 0 0 0 0.00249999999998574 -9.210297455264398e-15 8.673617379884046e-21 
0.09999999999950046 4.752756348203021e-11 6.106226635438369e-18 4.287812258031952e-14 9.347680079965173e-13 2.509765231071717e-22 -5.421010862427596e-23 1.835748445142086e-23 -9.106025472696158e-24 0 0 0 0.002499999999982522 1.087408700410624e-12 0 
0.100000000000063 3.445241487931581e-10 5.55111512312578e-19 -1.067232196135598e-13 -1.176950949535782e-13 -3.393801384092299e-22 3.252606517458325e-23 2.505102851738789e-23 9.115033465877691e-24 0 0 0 0.002500000000002231 8.419076525344205e-12 8.673617379884031e-21 
0.1000000000004979 4.007644910375436e-12 0 5.744906633742264e-14 -9.430593063948711e-13 -9.887448833095972e-23 -1.445602896647334e-23 5.695832052385774e-23 -1.955907541199872e-23 0 0 0 0.002500000000017441 1.691355389077394e-14 -8.673617379884046e-21 
0.1000000000005925 -4.794602215252317e-12 0 -6.818514063552009e-14 -1.113554655046816e-12 1.81716121428513e-23 1.910178320086217e-38 2.668316562997929e-24 3.953313538331778e-24 0 0 0 0.00250000000002075 -2.069741947274836e-14 0 
0.1000000000000333 -4.085739559178662e-10 -5.551115024465979e-19 1.315526072335648e-13 -3.760981282287045e-14 1.567611248047952e-22 7.228014483226999e-24 9.899900973443051e-23 6.74172888096589e-24 0 0 0 0.002500000000001169 -9.997407903698057e-12 -8.673617138473093e-21 
0.09999999999865562 -2.001918596172807e-11 4.834103058599557e-28 2.494544362738938e-14 2.488012203462216e-12 1.270440626241559e-22 1.175494350822288e-38 -1.457977631898205e-24 -2.460806829779559e-24 0 0 0 0.002499999999952942 -5.1663724296921e-13 1.247542073488145e-29 
0.09999999999996981 5.160179575303139e-10 -5.55111512312578e-19 -1.742326304065985e-13 6.810992990553969e-14 -1.078180607616899e-22 4.336808689939147e-23 -1.68327334838867e-22 2.30174048582279e-23 0 0 0 0.00249999999999896 1.262218953489161e-11 -8.673617379884031e-21 
0.1000000000009364 4.491719496346765e-12 5.55111512312579e-19 6.466594875316937e-14 -1.754455759424727e-12 1.647538903562216e-24 2.350988701644576e-38 -1.561564947911368e-24 1.635741887039801e-23 0 0 0 0.002500000000032776 1.836096379104209e-14 0 
0.1000000000007182 -1.346592976014797e-10 2.775557561562895e-19 -3.992517497157362e-14 -1.35333558104186e-12 1.214983689450947e-22 -1.445602896647635e-23 -1.986122500954324e-24 1.65823684980846e-23 0 0 0 0.002500000000025148 -3.186841524178956e-12 -8.673617379884046e-21 
0.09999999999981235 -4.965302041054474e-10 -2.775557680083624e-19 1.426893751302557e-13 3.511244388400298e-13 -1.222581499883144e-22 -1.998340396397887e-37 9.621611626730199e-25 1.697590389771765e-23 0 0 0 0.002499999999993431 -1.213229007274852e-11 -2.895952772742265e-28 
0.09999999999915397 -4.893481453382995e-12 2.775557561562895e-19 -6.800259221469609e-14 1.572871141461503e-12 -1.118239469255003e-22 -1.910178320086217e-38 -2.250943183339588e-25 -2.780665202552393e-24 0 0 0 0.002499999999970395 -2.168404344971018e-14 -8.673617379884046e-21 
0.09999999999993815 8.650450147862403e-11 8.307398522312532e-27 -2.105390121501718e-14 1.303325040713524e-13 7.078189129579912e-23 -3.61400724161876e-24 -4.257159146224459e-23 -4.074577476619586e-24 0 0 0 0.002499999999997849 2.115834092132627e-12 2.031926282447221e-28 
0.1000000000003093 4.225886134079348e-11 2.017420716764608e-27 -2.080765143520586e-14 -6.265965162656532e-13 -4.995541010150221e-23 3.614007241618633e-24 1.39001167633146e-23 -1.234745210781696e-23 0 0 0 0.002500000000010825 1.051855000669394e-12 5.021512653334168e-29 
0.1000000000017558 -1.426172981794391e-10 -6.808491350391731e-27 -1.435380464948203e-13 -3.250574182836894e-12 6.804262744724998e-23 -8.610496119773258e-37 1.416129677496436e-23 -7.95088882944896e-24 0 0 0 0.002500000000061462 -3.234213027600342e-12 -1.544000041007352e-28 
0.09999999999974622 -1.163042448806812e-09 2.775558120022659e-19 3.714721026150495e-13 4.606294005865699e-13 -7.898621441902569e-23 -2.644862289350143e-37 8.792578662720855e-25 -8.864279869154458e-24 0 0 0 0.002499999999991142 -2.848837973249517e-11 -8.673616011953287e-21 
0.09999999999843202 2.8186654399409e-11 1.345619326159162e-27 -2.222104225161195e-13 2.907285007959043e-12 6.482898900195361e-23 -3.614007241617833e-24 3.909847590654964e-23 1.780199251054091e-23 0 0 0 0.002499999999945122 9.912372572057296e-13 4.732126031009189e-29 
0.09999999999966265 -8.824321481859315e-11 0 8.458506187136992e-14 1.023305336257538e-13 2.618671990059708e-22 -1.084202172484927e-23 -1.521817608790608e-22 2.115076536568855e-23 0 0 0 0.002499999999988197 -2.121606113448338e-12 8.673617379884141e-21 
0.1000000000644276 5.357193855193309e-10 0 -7.673268671385772e-12 -8.823151634545593e-11 -2.024678999353538e-22 1.175494350822288e-38 1.388892164826395e-23 -9.859349837408661e-24 0 0 0 0.002500000002254968 4.139694500821679e-11 0 
0.1000000022337637 -1.330332542910643e-07 -2.497995454453581e-18 -2.707418801853846e-10 -2.91054643265863e-09 -3.771360611403625e-22 3.614007241618583e-23 3.562188706109173e-22 -3.719041934950338e-24 0 0 0 0.002500000078206433 3.850371738567545e-09 -1.838151683735185e-25 
0.1000092497308457 0.0001606051607944833 0 -1.320560908293431e-06 -2.331122843633191e-05 5.082197683525794e-23 1.157861935559955e-36 4.544425242066368e-24 1.387049035386011e-23 0 0 0 0.002500380097744207 7.047487770927652e-06 0 
0.1011974450473263 0.0002839634230978652 -1.576313652373126e-22 -0.0008842315161365332 -9.372408236779637e-05 -4.284781372838727e-21 4.161250001910898e-36 9.982396373351705e-23 7.357555944326182e-23 0 0 0 0.003186888873915548 8.295748512278087e-05 -1.739328541479225e-20 
0.1102529778093626 0.0002859256242704172 0 -0.03141454935203186 -9.373429484976289e-05 -1.387778780781447e-19 1.702197410802242e-21 2.58335870606707e-20 4.803955837820641e-22 0 0 0 0.1000186940253659 8.295763993301126e-05 0 
0.1310778634871049 0.0002916916817051486 0 -0.2273296708838668 -9.373446182604811e-05 -1.110223024625158e-18 -2.598832607447754e-20 -3.756740205632053e-19 3.256457265389387e-21 0 0 0 1.591373225955437 8.29576401378821e-05 0 
0.1303405098141023 0.001339581894179953 -4.904168045029828e-19 -0.5174949594582806 -9.370710466454579e-05 2.215920492595441e-18 3.021310053989366e-20 8.37043222577342e-19 2.624927940680887e-20 0 0 0 6.531794076716765 8.295763923027399e-05 4.006414429676889e-21 
0.09188262656982184 0.0006770066443354012 0 -0.5060514933385547 -6.62494487341933e-05 0 -1.480297366166875e-19 -2.976733235761983e-19 2.52953971906812e-20 0 0 0 11.65157354074228 8.295763970211956e-05 3.552713678800505e-17 
0.06860446610624432 0.001233732737246531 0 -0.2790099324101093 -6.621867218031791e-05 1.110223024625148e-18 -1.332267629552636e-19 -3.890288876735848e-19 -1.659399894591714e-20 0 0 0 16.03991565591016 8.295761425580716e-05 0 
0.08206138568819617 0.002166467789310895 -1.046289153483749e-19 -0.1698999438760319 -6.618723010706727e-05 3.196492525844784e-21 -1.332267629550029e-19 2.046439359215821e-19 -1.078291901908129e-19 0 0 0 19.29793027342619 8.295761718124472e-05 -7.105827998937494e-17 
0.09100597426348499 0.007489453421281735 -2.775557561562895e-19 -0.0947265456335937 -6.617135082211497e-05 0 7.222237291452136e-35 -2.415355478611967e-19 -5.517194245653574e-20 0 0 0 22.01036342268365 8.295761746435238e-05 0 
0.09596851448867208 0.00752035700703566 5.55111512312585e-19 -0.04515428739318087 -6.613374709143699e-05 0 -5.921189464671177e-20 -7.179089986038716e-19 6.243425764873427e-20 0 0 0 23.62188194788333 8.295761402265874e-05 0 
0.09839902736187998 0.004384660465955365 1.665334536937737e-18 -0.01858322190557959 -6.591890766643563e-05 6.938893903907236e-20 1.184237892933618e-19 -1.713750885948904e-19 -1.362584506576439e-19 0 0 0 24.44444442662477 8.295762381482968e-05 0 
0.09943346807729592 0.003929889270280854 1.387778780781443e-18 -0.006631886946714428 -6.403097324984058e-05 1.734723475976804e-19 2.960594732296971e-20 -9.078854442387581e-19 -2.59426446370395e-19 0 0 0 24.80181168581967 8.29577701422225e-05 7.105427357600991e-17 
0.09982360241628367 0.002174301967603461 1.665334536937737e-18 -0.002032350312993111 -2.866193018419235e-05 1.734723475976809e-19 4.440892098500622e-19 9.342891455433873e-19 8.319763982041426e-20 0 0 0 24.93820075485577 8.295984188500006e-05 -7.105427357601011e-17 
0.09995161897188863 0.0006950421441165273 3.318102703376925e-20 -0.0005142769914502035 0.0005077832262729976 2.757762670776866e-19 2.960594732332361e-20 -1.038140825359409e-18 -1.157522649153786e-20 0 0 0 24.98306133584721 8.302841538743122e-05 7.105823731852394e-17 
0.09999134951983212 0.0001151435207382718 0 -8.038178174797137e-05 0.0007680066229604038 5.208574999256149e-19 5.921189464666822e-20 -3.419996683555665e-19 2.6977917407567e-19 0 0 0 24.99697226809631 0.0001013210509048774 0 
0.09999991834974027 2.333628269313671e-06 5.552242141933912e-19 -1.073506833897114e-06 1.946284038555469e-05 -1.509584663629569e-19 -2.960594732234205e-20 1.514529018106935e-18 1.155479531467751e-18 0 0 0 24.99997142235972 0.0006894943817337617 3.329892540084525e-20 
