0.09999846012070039 0.0005213955970343279 0 0.0005113780101321815 -0.05436869717004018 0 2.368475785866397e-19 -9.61679089315029e-19 -2.148410580362806e-19 0 0 0 249.9948188501916 1.82908972973764 1.136868377216162e-15 
0.09993007638937852 0.001477355045165904 4.837630912915932e-19 0.002561555721677311 -0.07857322739457409 3.707934394707709e-18 9.473903143470004e-19 -2.754435611842246e-18 3.628152859952139e-19 0 0 0 249.7559617355162 5.640234410193981 -2.723934376318998e-16 
0.09970436792673637 0.001573014532262058 0 0.01133973151098697 -0.09859934769055378 -2.602085213965214e-20 4.73695157173453e-19 -9.754787682351497e-19 -2.320923491126662e-19 0 0 0 248.9663866534008 7.863070599717082 1.136868377216162e-15 
0.09905956108071683 -0.0007766279293214631 0 0.03530097861120857 -0.05165910052702237 0 5.777789833161716e-33 -2.108398573867208e-20 -9.71800162445033e-19 0 0 0 246.7120611949518 4.028864880712041 1.136868377216159e-15 
0.09746357751385583 -0.002569606044296327 -2.775557561562894e-19 0.09422001656207087 0.03928165045285156 0 -2.696301922142131e-33 -5.821627303783752e-20 6.739627296436061e-19 0 0 0 241.1389630534141 -4.427651767877376 1.136868377216162e-15 
0.09459773089420244 -0.008950894730590466 2.775557561562925e-19 0.2009165351858316 0.1342716359143047 -1.11022302462517e-18 1.147854246854793e-31 -2.902665423851174e-18 1.149900988519852e-18 0 0 0 231.0336328238935 -14.44336398613787 1.136868377216174e-15 
0.08993004650994298 -0.02860710868384112 0 0.37574930041836 0.4119011746551824 -2.220446049250315e-18 7.703719777548945e-33 6.562036081076266e-19 2.199552793201174e-18 0 0 0 213.9715311671418 -44.35225800136497 -1.136868377216162e-15 
0.08331625405916405 -0.05637931379545148 1.858858059927044e-18 0.6230966904786361 0.7075485001783963 -2.04553990497914e-17 -6.158037043254216e-18 -9.910448743101066e-18 3.865069533491724e-18 0 0 0 188.8091081292409 -98.09254691528712 2.409161223135113e-15 
0.07391055192862328 -0.04490822802090907 -7.810506895794981e-19 0.9073672878588681 0.5565994689311035 2.243991314821209e-17 9.355479354178848e-18 2.403438152761689e-17 5.352856510724746e-18 0 0 0 157.014202899281 -85.13180137186841 -1.269243998432165e-15 
0.06288745959837848 -0.01288526402038577 -6.002570982109673e-20 1.08160284434332 -0.1875965537937252 4.366893720930486e-18 9.710750722054662e-18 5.241359815372382e-18 2.603954375050628e-18 0 0 0 129.8593350027322 -24.43564203610389 2.812491786627387e-15 
0.06390119260699853 0.03788098562526315 2.775557561562894e-19 1.095047654221346 0.4425910067889938 0 2.664535259099827e-18 -5.851178065851865e-17 -5.911652650773573e-18 0 0 0 133.2917321259918 29.66265357072748 2.273736754432323e-15 
0.1118760821426213 0.1219186693805628 0 2.220705777212744 0.7973367626402555 -8.881784197001263e-18 -9.698553447614241e-18 7.165107338314315e-18 6.017817435982438e-18 0 0 0 120.0610508112844 12.71878542834385 5.684341886080809e-16 
0.1577743625827757 -0.237776397370643 0 2.196202594306047 -2.166695376562167 8.881784197001262e-18 -5.497779604254042e-18 1.178906909226446e-17 6.102883052807906e-18 0 0 0 69.19079887598129 11.33442835684629 8.526512829121212e-16 
0.1468606267863586 -0.2377632850363872 -5.551115123125789e-19 0.9604568983243561 -2.748599103836414 -2.220446049250315e-18 -2.668004706052147e-18 1.092966655106004e-17 1.508861588797377e-18 0 0 0 18.06177133355774 -30.53349208582682 2.131628207280303e-16 
0.1156282671135692 -0.06836266172414417 0 0.1849415283645406 -0.1684402426820544 5.551115123125773e-19 -8.53664650543434e-20 9.871010730721237e-19 1.059442424200682e-19 0 0 0 2.111519167334758 -0.3936410668142186 0 
0.1029902311296086 -0.004667492807230239 0 0.01087165497956713 -0.001379329415597363 0 1.221534447667103e-21 -1.892074409102633e-20 1.42370690261302e-21 0 0 0 0.04208605780281121 -0.0006929590828171277 0 
0.1001720281187223 -0.0004155221942052871 5.55111512312585e-19 8.08907107885807e-05 -0.0008801790002181146 1.355252715606897e-22 6.061142746427421e-38 -6.784816173598381e-24 -9.725868180740211e-25 0 0 0 0.002540148857443399 -0.0006626060574413731 0 
0.09999912350193869 1.498085617414995e-05 0 -1.03018264073312e-07 1.600865446144778e-06 -1.747005453711997e-23 -7.228014483239969e-24 -8.32310908519459e-23 2.61208148188378e-24 0 0 0 0.002499969407108448 3.712685637630065e-07 0 
0.09999999999410973 2.088221713603131e-08 5.551115123125789e-19 -3.050084731150154e-13 1.980541568780131e-09 2.042412329969997e-23 -1.445602896647347e-23 5.621353215537704e-23 -1.240520797476344e-23 0 0 0 0.002499999999793806 3.451113960578637e-10 8.673617379884045e-21 
0.1000000000004751 1.473723053313496e-09 0 -1.926902540304398e-13 1.819237391963441e-12 1.310742844519489e-22 -3.614007241611982e-24 2.929723849749554e-23 1.023982850153496e-24 0 0 0 0.002500000000016637 3.595158838600577e-11 0 
0.1000000000009755 9.726594529801998e-12 5.55111512312579e-19 1.368374376771916e-13 -1.889446232220887e-12 -1.757808455736004e-22 -1.322431144675074e-38 7.077042569875548e-23 3.268083263936371e-24 0 0 0 0.002500000000034144 4.152494320619499e-14 8.673617379884046e-21 
0.09999999999999794 1.363804034981701e-10 -6.586450887103197e-27 -2.369750691973643e-14 -1.651021370136622e-14 3.264146978932438e-23 -3.526483052466863e-37 -5.67202528710091e-23 -1.234461587804126e-23 0 0 0 0.002499999999999932 3.380904226284852e-12 8.673617216604286e-21 
0.1000000000001339 5.170343320148895e-13 0 7.917253658229484e-15 -2.680797384469398e-13 6.311489931499691e-25 -5.877471754111439e-39 -4.333906347080575e-25 -7.095116356327922e-24 0 0 0 0.002500000000004699 2.049142105997612e-15 0 
0.1000000000004036 -4.869325428980065e-11 -5.55111514664205e-19 -3.914197461521669e-14 -7.708638187788239e-13 1.800406377197751e-23 -1.445602896647315e-23 -2.83595581760439e-23 -1.453982120021669e-23 0 0 0 0.002500000000014133 -1.140362489767554e-12 -5.507346612630819e-29 
0.09999999999914254 -5.377137970996606e-10 2.77555756156289e-19 1.850612623790178e-13 1.666446276317459e-12 -7.075092166867789e-23 -3.012204273982113e-38 1.63037896843071e-25 2.366446354286015e-24 0 0 0 0.00249999999997 -1.34121690533243e-11 -8.673617379884031e-21 
0.09999999999949666 1.108942755331795e-09 -5.551115393984005e-19 -2.260900138400765e-13 9.831463605132091e-13 1.511698936008687e-22 -3.614007241608247e-24 2.860520675397743e-23 2.914030063142581e-24 0 0 0 0.002499999999982394 2.749250073473879e-11 -6.715017610450817e-28 
0.1000000000004719 1.455377485193302e-10 1.665334536937737e-18 1.133225360771849e-13 -9.078630777742123e-13 2.186437101438672e-23 -3.614007241618172e-23 -7.285961302503263e-23 1.257416090486559e-23 0 0 0 0.002500000000016519 3.408471421773011e-12 0 
0.1000000000000314 4.773729588708499e-10 -5.55111500917782e-19 -6.230419328605555e-14 -8.130641275567142e-14 -1.100818481331454e-22 1.445602896647494e-23 -4.125683833449952e-23 -9.682274251828656e-24 0 0 0 0.002500000000001095 1.177775731759859e-11 2.811326530775748e-28 
0.1000000000006383 9.138982973166917e-11 -5.55111512312585e-19 -7.875260166234642e-15 -1.240262916433402e-12 7.235499118091972e-23 1.084202172485834e-23 1.417357814264576e-22 -1.318655213330879e-24 0 0 0 0.002500000000022339 2.255075466639491e-12 8.673617379884141e-21 
0.1000000000000668 -3.848912508153143e-10 2.775557466485274e-19 7.392446192227296e-14 -1.357273804895654e-13 -7.211961939174698e-23 -4.913566386437164e-36 7.279407490482266e-23 -1.576555551697995e-23 0 0 0 0.002500000000002346 -9.527490287594078e-12 8.673617144531561e-21 
0.09999999999968061 -2.049402314519008e-12 -2.775557561562895e-19 -2.926824777908324e-14 6.23462659057008e-13 7.205329694440679e-23 1.763241526233432e-38 -4.252327839674915e-25 1.127815730708399e-23 0 0 0 0.002499999999988829 -8.559776151773092e-15 0 
0.09999999999973209 4.802720721119843e-11 0 2.332639498226399e-14 5.253547021606364e-13 -1.742039265080155e-23 -1.02084337529223e-36 -5.588308427771279e-23 -1.757881995169049e-24 0 0 0 0.002499999999990626 1.148487229797595e-12 -8.673617379884046e-21 
0.1000000000000338 3.62851589053026e-10 5.551115123125765e-19 -5.826012172694322e-14 -6.599520075543958e-14 2.432522626853817e-23 -1.594264213302726e-36 1.320415591311196e-23 2.362085911993072e-24 0 0 0 0.00250000000000119 8.962112735960705e-12 0 
0.1000000000002508 2.344131833087469e-12 0 3.319849603555799e-14 -4.920027411341867e-13 -2.793250165433994e-22 1.445602896647338e-23 -5.712615097403748e-23 6.699919834858857e-24 0 0 0 0.002500000000008779 1.005326464437188e-14 0 
0.1000000000002344 2.098321516541545e-11 5.551115128250919e-19 -3.130819561936376e-14 -4.605928808370072e-13 9.516683701115238e-23 7.228014483236569e-24 -4.410459537952074e-23 -8.406504685235179e-24 0 0 0 0.002500000000008209 5.612508071142771e-13 8.673617393592543e-21 
0.1000000000000336 -3.175730945576003e-10 2.775557563325775e-19 5.451681559891196e-14 -6.824691709329052e-14 -1.071550373955722e-22 4.413981287337692e-36 -5.672198003020608e-23 -3.425693225345456e-24 0 0 0 0.002500000000001189 -7.847296759882376e-12 -8.673617375527907e-21 
0.09999999999989977 -2.598520357222076e-11 -2.775557567909756e-19 -3.902149298129571e-14 1.940494314839104e-13 1.454126188202169e-22 4.775445800215544e-39 -6.782984140708885e-25 1.07245536254643e-24 0 0 0 0.002499999999996496 -5.828643774227756e-13 -1.423640794506861e-29 
0.09999999999998314 -1.826844231445068e-10 -2.775557561562893e-19 2.93542532873527e-14 3.687587252237633e-14 -2.958454324342051e-25 -1.46936793852786e-39 -2.699275905107076e-27 4.376361363881397e-24 0 0 0 0.002499999999999421 -4.506741117446506e-12 0 
0.09999999999984849 -9.71445146547016e-13 -2.775557561562895e-19 -1.374705187647446e-14 2.956783607917494e-13 -7.039229919027729e-23 -2.938735877055719e-39 4.718896676564613e-25 -1.008159450773447e-23 0 0 0 0.002499999999994701 -4.182309880362851e-15 -8.673617379884046e-21 
0.09999999999993257 2.345927271885094e-11 0 4.013548752605908e-15 1.321432384651777e-13 2.437309510557355e-23 2.233439266562347e-37 5.640530055531266e-23 -1.495045584383796e-23 0 0 0 0.002499999999997645 5.590905342855998e-13 8.673617379884045e-21 
0.1000000000000751 9.050165131196959e-11 2.220446049250311e-18 -2.053888008742737e-14 -1.458478712908212e-13 3.798779353816424e-23 -1.807003620809262e-23 -2.795687229277946e-23 2.604235033216962e-24 0 0 0 0.002500000000002642 2.251370205715035e-12 0 
0.1000000000000258 -7.84879106152659e-11 2.498001804469859e-18 2.630401174652598e-14 -5.066398578653279e-14 -1.906045419941385e-23 -2.529805069132764e-23 1.607140145613422e-23 -1.699187754376574e-24 0 0 0 0.0025000000000009 -1.95782924377816e-12 8.673617356517549e-21 
0.09999999999996581 5.579538567279661e-11 6.813985402595725e-28 -1.94160164797741e-14 6.46938485014759e-14 1.217161859313346e-24 1.316553672920962e-36 1.139944027377699e-22 -1.194378353426635e-23 0 0 0 0.002499999999998814 1.389364426458705e-12 1.696754813434536e-29 
0.1000000000000286 -3.31155242117021e-11 -2.775557561562893e-18 1.219867008332283e-14 -5.439109677563987e-14 9.287923452945339e-23 -2.891205793294746e-23 1.434057986702627e-22 6.28123907898475e-23 0 0 0 0.002500000000000998 -8.335129461634074e-13 8.673617379884042e-21 
0.09999999999997879 1.694278398134407e-11 5.551115124160348e-19 -6.475329069240461e-15 3.986216464803981e-14 7.211910393060661e-24 -3.614007241618467e-24 -2.646017386456605e-23 5.797555121030759e-23 0 0 0 0.002499999999999266 4.419601078338441e-13 2.698708582256229e-30 
0.1000000000000131 -5.2205635647784e-12 -5.551115122807001e-19 2.514482372317799e-15 -2.547648100265126e-14 1.044673170707568e-24 -2.115889831480118e-37 9.854185276294842e-23 6.122869916432572e-23 0 0 0 0.00250000000000047 -1.387819438362913e-13 8.474340019710724e-31 
0.1000000000000015 -8.378714388967977e-14 0 -1.191273700055598e-15 -3.90281292321319e-15 -1.183891602094302e-25 -4.701977403289149e-38 -1.421889250628836e-23 6.725801108530024e-23 0 0 0 0.002500000000000065 -3.659182332138577e-16 0 
0.1000000000000014 -8.609649451707392e-12 -5.551115123388646e-19 1.230773584900059e-15 -2.86890894978432e-15 -1.701743097208301e-23 1.084202172485526e-23 -1.27663807009079e-22 1.875039501809302e-23 0 0 0 0.002500000000000055 -2.025858864343477e-13 -6.185176678546527e-31 
0.09999999999999319 -1.682595035523704e-12 -3.7361114991168e-30 -2.6487677791861e-16 1.324849055286613e-14 1.167183883048316e-22 -1.175494350822288e-38 -1.053062747663378e-24 5.974284514385223e-24 0 0 0 0.002499999999999759 -5.080977956081755e-14 -1.128203742890967e-31 
0.0999999999999984 8.086413483265887e-13 0 -3.494940448156562e-16 2.96793199528966e-15 -8.90031665207072e-23 -5.877471754111438e-39 1.397720364414619e-23 5.699847468193682e-24 0 0 0 0.00249999999999995 2.526191061891226e-14 0 
0.100000000000005 -4.310787837802365e-14 0 -4.404067388552587e-16 -1.024886230619248e-14 1.652989986848695e-23 2.938735877055718e-39 2.271379758558217e-25 -2.381542587670923e-24 0 0 0 0.002500000000000185 -1.301042606982605e-16 0 
0.09999999999999763 -6.540774866170554e-12 0 1.318480509956046e-15 4.404477519456729e-15 -8.546146065839845e-24 0 -8.774898087170542e-25 -2.761884872491838e-24 0 0 0 0.002499999999999922 -1.517747516208146e-13 -8.673617379884037e-21 
0.0999999999999952 2.812246963079803e-12 8.586108655694269e-30 -1.053543132364012e-15 8.706534039804174e-15 -2.754549179897567e-23 -9.403954806578298e-38 -5.605300881176952e-23 5.372495652160397e-23 0 0 0 0.00249999999999984 7.571932447367207e-14 2.311796779592681e-31 
0.1000000000000103 -5.863365348801602e-14 0 -7.036665231977911e-16 -2.054084906968035e-14 -2.574783855592668e-25 0 -8.753499108298086e-25 5.664979128763822e-23 0 0 0 0.002500000000000372 -2.303929616531694e-16 8.673617379884037e-21 
0.09999999999999994 -1.145984349082415e-11 2.775557561562895e-19 1.927021274032251e-15 3.402802236078129e-16 -6.339049576084492e-28 -3.526483052466863e-38 2.503949266076616e-25 4.165324929309243e-23 0 0 0 0.002500000000000003 -2.784339599160016e-13 0 
0.0999999999999666 1.369564184283693e-13 0 1.922670818850965e-15 6.578348747246293e-14 2.607522924222878e-26 -4.701977403289151e-38 1.37740821892858e-23 3.497076147333486e-23 0 0 0 0.002499999999998839 6.938893903907249e-16 -8.673617379884033e-21 
0.09999999999993246 3.410119409075209e-11 -5.551115123125781e-19 2.054541953234509e-15 1.299998206421974e-13 -3.705204704793546e-23 1.44560289664733e-23 -7.10513328453782e-23 8.383386580082651e-24 0 0 0 0.002499999999997634 8.378118077773115e-13 -8.673617379884033e-21 
0.1000000000001007 9.042124687885818e-11 5.551115123125786e-19 -2.15612055987115e-14 -1.94532566433354e-13 7.408268239141938e-23 1.175494350822288e-36 5.638105205669405e-23 5.832226380015492e-24 0 0 0 0.002500000000003537 2.251023261019843e-12 -8.67361737988404e-21 
0.09999999999998321 -1.010649029742354e-10 -1.234250404898539e-27 3.518661912763926e-14 3.177001056767163e-14 -1.003468418338169e-23 -1.946912518549413e-38 1.365120501089356e-24 1.02158243621656e-24 0 0 0 0.002499999999999413 -2.52584140669061e-12 -3.084672014885458e-29 
0.09999999999994037 1.121540360582428e-10 0 -3.024775152571126e-14 1.124290153641492e-13 -3.541716974055531e-23 -7.228014483234977e-24 2.775173314752143e-23 -7.202796637505362e-24 0 0 0 0.002499999999997924 2.806397692359238e-12 8.67361737988404e-21 
0.1000000000001765 -2.30134487855249e-11 -2.775557561562894e-19 2.923866241716036e-15 -3.423581682179463e-13 1.800535396416858e-23 3.614007241618245e-24 2.95957353174879e-23 2.044175444928695e-23 0 0 0 0.002500000000006185 -5.574317049616969e-13 0 
0.1000000000000158 -1.248287931354674e-10 5.551115138370436e-19 1.56543134936339e-14 -3.640079079852099e-14 -1.093758781321806e-23 3.614007241616815e-24 -8.083744137766934e-25 -9.098515382339096e-24 0 0 0 0.002500000000000566 -3.090080546042789e-12 3.773746427179275e-29 
0.1000000000000929 -4.771803611969293e-11 -2.775557550172697e-19 -2.45357012484943e-14 -1.800844434536434e-13 -8.082138833244615e-23 -2.938735877055719e-38 5.50066520700184e-25 -1.475160562961836e-23 0 0 0 0.002500000000003252 -1.123940892612534e-12 2.682823873186803e-29 
0.09999999999996667 -2.498997970362694e-10 5.965056933154608e-27 3.911243250572094e-14 6.666663590806926e-14 7.219796688952431e-23 -2.387722900107769e-38 1.477676749473546e-26 -4.582987583012479e-25 0 0 0 0.002499999999998836 -6.190409513121029e-12 1.477638062264993e-28 
0.09999999999978086 -1.22029122917589e-12 -2.775557561562895e-19 -1.761977277044598e-14 4.306677530135007e-13 5.882613129088902e-23 -1.092842404280096e-38 7.308771918028778e-25 1.749046040577861e-25 0 0 0 0.002499999999992338 -5.160802341031022e-15 0 
0.09999999999973196 4.803878649040057e-11 2.220446049250316e-18 2.330434317743736e-14 5.238685754697411e-13 1.491266444286502e-22 -2.89120579329461e-23 2.845730385674377e-23 -1.48589460904396e-23 0 0 0 0.00249999999999062 1.148630886585449e-12 -8.673617379884046e-21 
0.1000000000000339 3.628515023168531e-10 5.55111512312578e-19 -5.825659306809664e-14 -6.624832000070693e-14 -2.868816993693097e-22 3.614007241625906e-24 1.005661229110311e-22 2.767342725623047e-24 0 0 0 0.002500000000001197 8.962158814553058e-12 0 
0.1000000000002677 2.197114018498434e-12 0 3.123616851286038e-14 -5.263801071967773e-13 -4.012086989178509e-24 -1.445602896647339e-23 5.74834026007598e-23 -1.257633459516305e-24 0 0 0 0.002500000000009371 9.334980705100233e-15 0 
0.1000000000003183 -2.621340644548564e-12 5.55111512312579e-19 -3.708645358406019e-14 -6.232503612420439e-13 5.758750241340707e-25 1.175494350822288e-38 1.48188272236789e-24 -6.705198939727602e-24 0 0 0 0.002500000000011141 -1.135972826221692e-14 -8.673617379884046e-21 
0.1000000000000172 -4.306011710392113e-10 -2.775557457584108e-19 7.188224136293659e-14 -2.635283489562621e-14 1.811142761462605e-23 1.084202172484787e-23 4.176261826939039e-23 5.979497654735421e-24 0 0 0 0.002500000000000605 -1.064444891821568e-11 -8.673617122848766e-21 
0.09999999999927935 -2.178279258357987e-11 5.259967336056138e-28 1.359595191059555e-14 1.400666692491479e-12 1.877074999879557e-25 1.175494350822288e-38 4.725555726082516e-25 -9.938871515735078e-24 0 0 0 0.002499999999974772 -5.5344048571423e-13 -8.67361736652002e-21 
0.09999999999998356 5.440981432763851e-10 -5.55111512312578e-19 -9.517330927984264e-14 3.559646993525153e-14 4.410552875526884e-27 1.445602896647038e-23 -1.294426436660583e-22 1.256246193299924e-23 0 0 0 0.002499999999999433 1.344026344211883e-11 8.673617379884031e-21 
0.1000000000005027 2.471547272397966e-12 0 3.513929864677281e-14 -9.829649989140211e-13 7.350262602583445e-25 5.877471754111439e-39 1.826439950339548e-25 8.046697317552131e-24 0 0 0 0.002500000000017596 1.026468406800656e-14 8.673617379884046e-21 
0.1000000000003858 -1.390154484581788e-10 2.775557561562895e-19 -2.162249314779751e-14 -7.567374815222954e-13 7.179314046284898e-23 -1.445602896647488e-23 -1.547664820829852e-23 1.551740307873249e-23 0 0 0 0.002500000000013507 -3.380244218212351e-12 0 
0.09999999999989911 -5.225694443139448e-10 -2.775557686299138e-19 7.791235758408495e-14 1.96803034579153e-13 -7.179461352255713e-23 -3.232609464761288e-38 5.045617832841405e-25 5.727894794693156e-24 0 0 0 0.002499999999996471 -1.291328968668758e-11 -3.082375779770244e-28 
0.09999999999954613 -2.643458368867268e-12 2.775557561562895e-19 -3.705735255691655e-14 8.837609827153133e-13 -7.357318174519742e-25 -7.346839692639298e-39 -8.563625080860612e-26 1.381379422385789e-24 0 0 0 0.002499999999984118 -1.145730645774062e-14 8.673617379884046e-21 
0.09999999999996655 9.10625741479269e-11 8.745129802307445e-27 -1.160944650598412e-14 6.974916866455971e-14 -7.663927494735968e-25 -1.733854167462874e-37 4.363849308133824e-25 3.186986501483132e-24 0 0 0 0.002499999999998834 2.253377334986854e-12 2.164014961407314e-28 
0.1000000000001671 4.505475853511218e-11 -5.551115101616833e-19 -1.153664802578138e-14 -3.411021109591409e-13 -9.05424281279503e-23 3.61400724161855e-24 4.28361268871094e-23 -1.251245545450804e-23 0 0 0 0.00250000000000585 1.124214653661076e-12 5.366954670396753e-29 
0.1000000000009417 -1.434959356200214e-10 5.551115054621417e-19 -7.812860867516427e-14 -1.829530874751765e-12 7.227832551458942e-23 -1.645692091151203e-37 1.457269225087571e-23 -1.154103477410693e-23 0 0 0 0.002500000000032964 -3.411480082801724e-12 -1.628626606469944e-28 
0.09999999999986378 -1.225310955130215e-09 5.883593480125061e-26 2.027382694594635e-13 2.60568960031208e-13 -2.706456142913938e-23 -8.816207631167143e-39 1.977909788010341e-25 -5.628801495903686e-24 0 0 0 0.002499999999995248 -3.032764198194301e-11 -8.673615923637163e-21 
0.09999999999915943 3.737106110679436e-11 1.784079137303784e-27 -1.211308821765271e-13 1.633994402979812e-12 2.77658997820838e-23 1.175494350822288e-37 2.743398517820226e-23 1.237042431488327e-23 0 0 0 0.002499999999970582 1.091311828231572e-12 8.673617431982825e-21 
0.1000000000000358 -9.067039653809295e-11 2.775557561562925e-19 1.977955762141057e-14 -5.08429765078427e-14 8.224828000809512e-23 -1.445602896647113e-23 -6.972141645313967e-23 1.198723028451388e-24 0 0 0 0.002500000000001253 -2.253198441628332e-12 0 
0.09999999999977928 -6.045511313779198e-13 2.775557561562895e-19 1.018238687811035e-14 2.471432158533719e-13 -2.766235061434648e-23 2.350988701644576e-38 -8.855112479009561e-25 -1.136870570825142e-23 0 0 0 0.002499999999992279 9.703609443745304e-16 8.673617379884046e-21 
0.1000000000287638 3.940878873232002e-10 -1.665334555751331e-18 -3.418663047094636e-12 -4.614145731593133e-11 -1.910543205582729e-22 1.084202172485533e-23 1.381989102943295e-23 -3.978279277332274e-24 0 0 0 0.002500000001006736 2.058703413906198e-11 8.673616397067474e-21 
0.1000000053148027 -1.725964909188307e-08 5.551115123125774e-19 -6.313070273693765e-10 -2.451158602836884e-09 4.260807335260639e-23 1.469367938527861e-38 3.037325152657005e-25 9.162263215428734e-24 0 0 0 0.002500000186019556 2.230129050721268e-09 8.673617379884022e-21 
0.1000037165195982 6.503279983793706e-05 5.55075411856711e-19 -5.233767097719811e-07 -9.415075895451523e-06 5.226417018861803e-24 5.877471754111439e-39 -8.696790825966134e-25 1.573007255915832e-23 0 0 0 0.002500150402940216 2.941069212732899e-06 -1.632621378496126e-24 
0.1008595385971515 0.0001698290085969639 0 -0.000651569791924107 -9.655110367458785e-05 0 1.445602896647343e-23 -2.796604347872991e-23 -1.484667909552005e-23 0 0 0 0.003007968015005963 0.0001023609389379816 0 
0.1075437845832172 0.0001708677695859078 5.55111512312579e-19 -0.02760874847739721 -9.655908612641237e-05 0 -1.008308020411518e-21 -1.406272572461905e-20 2.452522393946766e-22 0 0 0 0.09993869112255042 0.0001023610329779945 -2.775557561562895e-19 
0.1199517993130243 0.0001712475220321052 5.63381860283926e-19 -0.2116681715269047 -9.655920938005398e-05 -4.663298200960179e-21 1.726049858596635e-20 2.461100052650671e-19 6.869789204808872e-21 0 0 0 1.890097714970301 0.0001023610327888219 -8.876840701470208e-18 
0.1054985418551782 0.00015894067261265 0 -0.4337047263123808 -9.655978936602734e-05 2.220446049250316e-18 -2.220446049250313e-20 -9.933827726674759e-19 2.86897055208657e-20 0 0 0 8.302220094960363 0.0001023610328054762 0 
0.07785665901204225 0.0001604556604194688 0 -0.20429866418453 -9.655591295641657e-05 3.330669073875445e-18 -2.368475785870397e-19 3.413396462101973e-19 -1.414374957151846e-20 0 0 0 18.64629456423482 0.0001023610006534166 -7.10542735760095e-17 
0.09176716368298886 0.0001626651305566993 -7.855863936275164e-21 -0.08247646166701743 -9.654876062447794e-05 3.612887623613191e-18 -1.480297366166815e-19 -1.996892316405182e-19 -6.627470131989214e-20 0 0 0 22.26939929002159 0.0001023610039507788 -4.943494138330712e-21 
0.09741374221585961 0.0001849947832849489 -2.775557561562895e-19 -0.02908248003095366 -9.651800372109618e-05 3.747002708109908e-18 1.203706215242023e-35 -6.356709995242934e-19 -3.243592234809985e-20 0 0 0 24.11110137312976 0.0001023610048722649 0 
0.09930186812105864 0.0004663301780544258 -2.775557561562925e-19 -0.008173653656740351 -9.59733789543295e-05 3.781697177629485e-18 -1.836554757905516e-32 3.285912833209886e-19 -4.818324183173161e-21 0 0 0 24.75682826735244 0.0001023610192607525 0 
0.09983705350818702 0.001588510270279476 0 -0.001881085412009862 -7.672198759515648e-05 3.77302356024956e-18 -8.425943506694158e-35 1.994236733979648e-21 -3.371439865849574e-21 0 0 0 24.94296811495895 0.0001023618372952863 -7.105427357601009e-17 
0.09996882779374831 0.0004675457206356106 5.551115123125774e-19 -0.0003274988935060568 0.0004410090734935429 2.308266425221635e-18 -8.881784197014857e-20 2.387288733488096e-19 -2.292297547797822e-19 0 0 0 24.98908894773643 0.0001024621846035247 0 
0.09999724179424489 3.934284238484904e-05 2.220446049250316e-18 -2.710121937851682e-05 0.0003520313292443638 -1.247171311537233e-19 1.77635683940025e-19 1.425419594529649e-18 -1.512217857895068e-21 0 0 0 24.99903464236235 2.153724516507092e-05 0 
0.1000000658231456 -6.223532113269725e-07 5.550818014253984e-19 7.823487749476363e-07 -8.087270487752084e-06 7.335793478233002e-19 -3.129636159629259e-34 -1.215695443598525e-19 -2.474401705897057e-20 0 0 0 25.00002303754596 -0.0002423662382788892 -1.157046485954743e-20 
0.09999999105197842 1.17892306463958e-07 1.665334536937737e-18 -1.06564931782787e-07 1.390669801764631e-06 -1.35094714125687e-18 -3.851859888774473e-34 -4.972104477466423e-22 1.525969403282229e-19 0 0 0 24.99999686819319 4.160157187627015e-05 -7.105427357601009e-17 
0.1000000007851572 -1.374201455753385e-08 2.775550924897813e-19 1.061293413423554e-08 -1.337815371479435e-07 -4.558205489995267e-19 2.960594732331599e-20 4.73909972184043e-19 5.32253965522011e-19 0 0 0 25.00000027480535 -5.043818096517684e-06 7.105402998631621e-17 
